0: [12, 63, 0, 19, 98, 34, 45, 67, 75, 82, 10, 8, 95, 15, 30, 62, 85, 29, 69, 79, 14, 92, 16, 78, 43, 18, 25, 49, 71, 27, 53, 39, 13, 26, 35, 77, 9, 23, 47, 96, 50, 90, 86, 84, 36, 40, 56, 4, 21, 66]
86124
1: [80, 29, 78, 17, 13, 0, 82, 75, 54, 28, 43, 58, 31, 97, 99, 96, 62, 8, 9, 49, 83, 71, 77, 72, 85, 6, 4, 39, 51, 20, 21, 14, 11, 93, 19, 38, 61, 94, 48, 56, 24, 79, 15, 41, 60, 53, 90, 81, 36, 88]
83911
2: [21, 17, 22, 34, 89, 49, 13, 31, 14, 78, 1, 3, 82, 2, 67, 83, 91, 30, 29, 86, 80, 28, 71, 61, 54, 62, 18, 95, 52, 59, 65, 44, 84, 57, 98, 63, 45, 9, 81, 40, 97, 16, 68, 26, 25, 73, 20, 10, 27, 64]
81854
3: [21, 66, 96, 31, 86, 5, 90, 2, 54, 49, 78, 9, 83, 69, 10, 15, 23, 61, 67, 60, 33, 43, 79, 68, 6, 70, 88, 91, 55, 93, 97, 26, 38, 29, 72, 22, 12, 76, 57, 16, 24, 47, 46, 17, 51, 34, 64, 59, 3, 30]
71492
4: [25, 86, 68, 34, 39, 42, 0, 8, 20, 89, 71, 83, 33, 48, 66, 88, 99, 19, 59, 53, 77, 12, 35, 96, 24, 84, 21, 60, 85, 28, 93, 62, 4, 46, 31, 37, 10, 81, 44, 41, 29, 51, 75, 54, 5, 16, 6, 98, 74, 67]
83183
5: [18, 42, 7, 57, 98, 30, 19, 85, 12, 88, 33, 36, 87, 40, 44, 29, 24, 82, 26, 91, 0, 9, 90, 54, 38, 70, 39, 37, 43, 35, 52, 67, 53, 45, 21, 65, 6, 68, 17, 51, 64, 28, 72, 2, 1, 71, 60, 27, 78, 96]
89952
6: [43, 50, 7, 87, 4, 51, 34, 26, 99, 13, 24, 98, 79, 23, 65, 41, 49, 97, 69, 80, 53, 75, 21, 3, 19, 5, 6, 0, 46, 54, 48, 37, 47, 11, 9, 32, 42, 88, 66, 57, 84, 28, 10, 58, 25, 18, 64, 94, 68, 52]
80016
7: [93, 35, 40, 86, 50, 52, 64, 20, 53, 45, 37, 59, 55, 0, 5, 89, 21, 70, 91, 99, 90, 75, 19, 68, 97, 33, 39, 46, 43, 25, 60, 12, 58, 26, 36, 11, 73, 15, 57, 28, 14, 65, 96, 41, 92, 24, 88, 16, 63, 47]
88035
8: [45, 50, 70, 51, 29, 82, 57, 23, 11, 20, 47, 75, 96, 2, 15, 1, 72, 3, 67, 16, 91, 95, 66, 62, 41, 26, 78, 49, 73, 60, 64, 63, 48, 36, 4, 44, 65, 34, 74, 59, 18, 17, 27, 83, 31, 32, 39, 79, 10, 68]
91961
9: [4, 82, 44, 71, 98, 85, 22, 93, 26, 66, 37, 18, 23, 40, 92, 49, 89, 72, 15, 27, 77, 52, 94, 76, 38, 91, 47, 95, 65, 11, 57, 1, 73, 70, 2, 46, 6, 0, 61, 67, 17, 80, 8, 97, 29, 69, 58, 33, 63, 10]
95169
10: [82, 48, 60, 88, 94, 44, 55, 7, 62, 11, 72, 63, 27, 61, 50, 1, 52, 36, 86, 19, 64, 5, 74, 56, 12, 42, 49, 92, 34, 29, 75, 41, 39, 97, 65, 10, 90, 68, 69, 98, 70, 17, 8, 32, 46, 0, 15, 58, 96, 67]
79891
11: [49, 46, 74, 71, 94, 64, 95, 10, 35, 32, 15, 84, 23, 58, 60, 38, 77, 7, 28, 1, 45, 68, 17, 21, 19, 97, 82, 89, 51, 4, 53, 27, 55, 25, 33, 67, 48, 37, 98, 63, 26, 76, 91, 47, 73, 56, 8, 79, 54, 3]
92399
12: [91, 6, 66, 23, 28, 29, 51, 62, 57, 42, 75, 90, 74, 95, 82, 43, 30, 41, 15, 40, 26, 38, 71, 39, 58, 20, 21, 89, 0, 1, 44, 84, 49, 52, 17, 77, 22, 81, 67, 97, 68, 54, 65, 88, 87, 50, 10, 12, 31, 7]
83205
13: [91, 27, 13, 62, 16, 7, 72, 19, 8, 97, 77, 35, 36, 52, 80, 61, 51, 83, 48, 60, 63, 59, 0, 81, 34, 66, 9, 23, 38, 53, 84, 3, 90, 40, 28, 58, 93, 17, 1, 76, 99, 98, 75, 43, 79, 69, 11, 10, 54, 50]
88694
14: [67, 86, 89, 87, 80, 74, 29, 55, 10, 71, 82, 93, 70, 41, 22, 6, 51, 69, 45, 91, 16, 77, 25, 44, 52, 8, 96, 76, 61, 18, 49, 88, 47, 60, 0, 54, 14, 36, 37, 78, 24, 33, 4, 23, 3, 99, 90, 13, 43, 2]
101382
15: [25, 42, 39, 72, 23, 33, 70, 8, 74, 44, 95, 93, 22, 14, 99, 85, 68, 3, 54, 86, 91, 26, 83, 4, 36, 40, 16, 94, 80, 12, 5, 10, 96, 50, 2, 17, 61, 47, 90, 88, 11, 0, 37, 19, 7, 65, 64, 53, 1, 31]
91156
16: [75, 27, 26, 9, 82, 38, 83, 85, 94, 12, 5, 42, 17, 62, 44, 91, 49, 15, 3, 55, 6, 60, 51, 13, 10, 40, 23, 30, 57, 56, 11, 36, 31, 68, 76, 63, 87, 96, 80, 39, 84, 58, 90, 53, 69, 98, 89, 97, 22, 46]
80474
17: [13, 73, 33, 96, 29, 12, 43, 86, 5, 44, 72, 70, 32, 93, 40, 74, 88, 53, 80, 79, 4, 19, 27, 39, 61, 54, 6, 94, 48, 78, 42, 25, 98, 37, 89, 57, 16, 9, 24, 50, 87, 46, 8, 82, 71, 21, 65, 34, 69, 68]
84374
18: [0, 79, 14, 25, 22, 52, 18, 33, 16, 34, 38, 26, 91, 98, 49, 31, 4, 74, 2, 70, 47, 5, 81, 93, 39, 99, 24, 21, 77, 65, 13, 10, 3, 94, 6, 11, 59, 63, 61, 45, 85, 1, 97, 89, 90, 17, 76, 42, 8, 12]
94788
19: [54, 99, 65, 22, 44, 2, 94, 85, 79, 57, 10, 64, 28, 81, 14, 82, 58, 11, 3, 67, 33, 55, 53, 48, 98, 68, 50, 20, 12, 89, 87, 36, 5, 45, 80, 26, 52, 63, 19, 61, 31, 51, 73, 39, 27, 40, 15, 9, 29, 38]
95714
20: [81, 57, 74, 35, 86, 83, 75, 26, 40, 37, 78, 54, 3, 89, 0, 48, 14, 46, 43, 17, 24, 6, 70, 92, 47, 8, 2, 38, 30, 20, 36, 22, 41, 59, 51, 98, 61, 84, 67, 23, 50, 73, 13, 19, 9, 66, 28, 88, 97, 27]
87821
21: [5, 89, 71, 93, 6, 57, 68, 79, 56, 69, 81, 70, 94, 58, 46, 36, 74, 59, 26, 21, 11, 96, 97, 33, 91, 78, 16, 15, 80, 32, 18, 88, 48, 54, 52, 10, 77, 35, 75, 98, 13, 3, 90, 95, 50, 34, 99, 42, 55, 7]
95806
22: [94, 89, 57, 76, 25, 84, 90, 1, 8, 11, 83, 27, 12, 43, 50, 23, 86, 87, 53, 79, 62, 59, 69, 32, 10, 19, 71, 26, 7, 58, 63, 47, 35, 38, 77, 80, 51, 15, 21, 75, 88, 98, 20, 18, 65, 49, 4, 52, 95, 29]
93816
23: [22, 72, 70, 8, 6, 24, 31, 90, 7, 26, 97, 41, 69, 66, 58, 95, 81, 85, 77, 76, 98, 19, 55, 59, 14, 82, 54, 35, 63, 57, 45, 4, 60, 91, 84, 15, 44, 75, 71, 28, 29, 56, 50, 0, 34, 17, 46, 40, 12, 20]
79936
24: [24, 98, 68, 16, 99, 64, 56, 69, 60, 84, 53, 27, 35, 96, 95, 54, 23, 73, 18, 63, 86, 74, 30, 79, 25, 11, 17, 28, 85, 58, 78, 70, 80, 7, 93, 6, 49, 12, 92, 72, 21, 2, 40, 51, 89, 94, 33, 3, 14, 90]
92159
25: [10, 22, 31, 4, 40, 72, 15, 97, 37, 36, 81, 30, 90, 5, 54, 0, 1, 80, 96, 17, 29, 83, 34, 52, 8, 42, 73, 61, 2, 93, 48, 38, 27, 43, 44, 19, 71, 47, 64, 60, 67, 6, 14, 32, 69, 66, 11, 77, 55, 95]
96298
26: [87, 72, 60, 41, 51, 25, 31, 64, 76, 80, 97, 83, 77, 49, 17, 21, 55, 45, 28, 68, 5, 18, 69, 89, 15, 37, 57, 93, 30, 95, 27, 1, 8, 58, 43, 56, 78, 70, 33, 22, 19, 11, 2, 75, 6, 86, 74, 99, 26, 3]
79423
27: [82, 66, 92, 16, 33, 63, 90, 8, 61, 51, 30, 74, 84, 19, 94, 50, 98, 41, 9, 55, 25, 22, 37, 81, 6, 49, 80, 69, 18, 29, 7, 75, 14, 5, 64, 11, 21, 60, 28, 95, 57, 35, 42, 85, 43, 89, 31, 72, 96, 20]
84648
28: [20, 8, 81, 72, 99, 44, 7, 62, 74, 38, 15, 94, 56, 77, 35, 54, 91, 12, 47, 71, 37, 87, 23, 90, 61, 18, 50, 16, 51, 92, 40, 84, 88, 49, 58, 3, 11, 41, 57, 66, 34, 73, 28, 64, 53, 93, 19, 67, 45, 5]
90328
29: [96, 55, 59, 39, 16, 98, 91, 31, 28, 7, 66, 71, 63, 93, 44, 95, 62, 58, 57, 52, 68, 10, 56, 81, 69, 80, 70, 73, 97, 85, 65, 41, 32, 61, 14, 6, 86, 40, 13, 12, 5, 34, 30, 60, 9, 72, 88, 77, 67, 43]
85460
30: [23, 55, 21, 89, 16, 84, 54, 58, 12, 18, 73, 76, 90, 86, 75, 32, 26, 57, 8, 10, 31, 82, 92, 5, 51, 17, 36, 20, 50, 83, 79, 85, 41, 14, 95, 72, 19, 61, 87, 97, 59, 44, 4, 69, 52, 80, 48, 6, 88, 39]
83208
31: [75, 30, 24, 7, 73, 88, 39, 15, 23, 28, 95, 91, 53, 2, 47, 65, 72, 16, 78, 46, 70, 26, 43, 57, 52, 29, 87, 74, 44, 42, 90, 67, 63, 81, 27, 0, 61, 20, 8, 59, 33, 21, 58, 76, 69, 83, 25, 17, 86, 98]
86142
32: [90, 39, 4, 13, 14, 41, 46, 44, 81, 83, 29, 60, 30, 96, 34, 59, 12, 23, 73, 62, 64, 75, 47, 15, 74, 37, 69, 42, 97, 17, 45, 5, 86, 77, 70, 49, 84, 18, 55, 50, 27, 58, 35, 6, 80, 67, 11, 24, 43, 65]
79857
33: [71, 53, 86, 0, 6, 98, 32, 81, 4, 78, 84, 54, 27, 19, 91, 44, 85, 95, 38, 57, 51, 20, 12, 76, 23, 93, 83, 17, 50, 74, 59, 88, 45, 99, 36, 7, 60, 73, 46, 31, 87, 79, 58, 33, 63, 55, 5, 41, 29, 52]
79656
34: [24, 36, 77, 88, 59, 89, 9, 35, 11, 2, 0, 33, 19, 18, 44, 39, 63, 3, 98, 26, 28, 7, 20, 34, 10, 65, 97, 46, 4, 53, 52, 76, 21, 87, 30, 51, 75, 81, 42, 55, 6, 16, 48, 82, 40, 79, 49, 62, 83, 84]
78620
35: [30, 58, 53, 86, 83, 0, 40, 73, 64, 45, 84, 94, 87, 69, 12, 13, 31, 89, 27, 34, 59, 91, 18, 96, 70, 25, 47, 63, 54, 29, 68, 37, 82, 14, 46, 28, 50, 95, 36, 15, 38, 55, 2, 66, 99, 72, 74, 92, 1, 90]
92645
36: [57, 78, 20, 12, 76, 65, 36, 43, 64, 72, 68, 7, 26, 86, 38, 62, 30, 6, 47, 44, 25, 98, 5, 13, 55, 99, 52, 50, 15, 71, 41, 24, 94, 35, 45, 75, 53, 49, 42, 63, 59, 91, 40, 69, 23, 92, 33, 61, 79, 82]
95063
37: [54, 48, 41, 73, 9, 12, 31, 70, 2, 25, 6, 92, 23, 51, 62, 26, 40, 11, 74, 79, 22, 81, 82, 13, 76, 99, 72, 95, 14, 87, 34, 94, 77, 93, 53, 17, 52, 19, 89, 4, 0, 50, 1, 59, 57, 37, 68, 97, 67, 30]
94211
38: [86, 82, 19, 21, 96, 37, 38, 2, 16, 30, 33, 75, 6, 78, 23, 39, 15, 3, 18, 59, 53, 81, 65, 11, 7, 0, 49, 73, 56, 57, 74, 89, 60, 14, 26, 28, 94, 63, 40, 51, 85, 35, 48, 71, 72, 27, 24, 70, 47, 36]
73804
39: [79, 47, 64, 58, 3, 81, 25, 43, 40, 39, 37, 86, 27, 24, 92, 80, 15, 65, 88, 90, 0, 97, 11, 41, 62, 34, 52, 77, 57, 13, 82, 22, 73, 71, 29, 50, 44, 26, 66, 76, 16, 19, 38, 9, 94, 70, 5, 51, 42, 78]
86643
40: [20, 56, 39, 21, 5, 40, 4, 8, 32, 97, 51, 12, 37, 38, 93, 77, 31, 90, 17, 98, 75, 70, 1, 65, 35, 68, 14, 96, 59, 26, 82, 92, 69, 7, 6, 3, 67, 81, 57, 27, 48, 73, 13, 64, 24, 61, 46, 79, 29, 87]
93092
41: [41, 70, 39, 64, 15, 13, 46, 60, 93, 8, 54, 31, 33, 3, 23, 57, 63, 27, 85, 82, 59, 28, 9, 40, 7, 11, 76, 12, 89, 98, 30, 42, 18, 53, 35, 1, 49, 65, 50, 81, 2, 67, 77, 79, 99, 88, 91, 84, 34, 48]
93421
42: [86, 7, 89, 20, 1, 72, 33, 50, 80, 5, 82, 38, 75, 59, 21, 19, 41, 35, 17, 26, 91, 48, 43, 9, 93, 22, 4, 74, 53, 61, 66, 36, 67, 76, 71, 81, 0, 24, 27, 2, 58, 49, 52, 47, 39, 92, 3, 88, 94, 31]
83822
43: [80, 1, 78, 0, 83, 56, 32, 94, 89, 12, 11, 90, 57, 68, 60, 74, 47, 33, 67, 86, 4, 16, 46, 61, 73, 19, 21, 37, 81, 99, 51, 45, 43, 91, 97, 2, 69, 23, 41, 48, 7, 59, 18, 25, 5, 27, 20, 8, 42, 10]
73565
44: [34, 92, 75, 3, 20, 33, 12, 4, 18, 61, 13, 10, 0, 19, 52, 24, 29, 8, 88, 95, 28, 56, 94, 15, 65, 78, 39, 23, 53, 41, 73, 47, 32, 84, 85, 17, 90, 40, 27, 76, 45, 91, 37, 79, 72, 30, 9, 60, 25, 14]
87477
45: [26, 73, 41, 92, 34, 88, 67, 66, 85, 39, 90, 54, 55, 59, 76, 52, 5, 57, 81, 19, 6, 51, 98, 94, 63, 50, 45, 68, 53, 30, 56, 60, 75, 1, 77, 27, 33, 7, 46, 48, 71, 72, 80, 2, 65, 9, 36, 61, 43, 32]
75413
46: [24, 64, 76, 83, 25, 86, 88, 56, 39, 96, 68, 62, 32, 37, 95, 94, 55, 40, 8, 85, 23, 27, 65, 34, 80, 38, 58, 99, 81, 48, 52, 84, 49, 33, 63, 3, 46, 71, 0, 11, 91, 22, 69, 77, 15, 41, 20, 21, 87, 90]
91530
47: [9, 56, 33, 77, 85, 32, 57, 58, 21, 90, 69, 93, 42, 98, 10, 81, 50, 64, 99, 31, 59, 48, 44, 37, 35, 86, 46, 8, 5, 23, 12, 6, 54, 80, 47, 24, 95, 62, 51, 28, 96, 72, 82, 20, 76, 0, 55, 14, 39, 60]
82564
48: [51, 16, 24, 18, 13, 61, 22, 3, 49, 57, 65, 15, 94, 85, 25, 11, 46, 68, 40, 81, 41, 52, 71, 82, 29, 27, 64, 50, 79, 21, 39, 1, 80, 90, 45, 88, 14, 58, 78, 92, 12, 0, 84, 93, 33, 44, 34, 98, 63, 72]
88828
49: [84, 79, 42, 92, 34, 27, 97, 26, 59, 99, 70, 47, 57, 73, 17, 74, 13, 23, 2, 53, 81, 7, 21, 89, 95, 58, 94, 33, 66, 10, 98, 30, 3, 82, 50, 80, 0, 43, 22, 28, 71, 40, 9, 5, 44, 32, 91, 88, 6, 76]
83063
50: [51, 33, 40, 45, 48, 68, 77, 83, 1, 39, 7, 81, 92, 63, 6, 30, 73, 22, 80, 44, 37, 56, 76, 46, 32, 71, 27, 72, 62, 60, 4, 28, 94, 21, 17, 93, 0, 61, 85, 3, 35, 10, 20, 14, 41, 24, 99, 96, 11, 19]
74068
51: [88, 98, 61, 72, 54, 14, 78, 45, 73, 70, 89, 67, 20, 56, 7, 48, 1, 77, 26, 76, 11, 28, 92, 83, 71, 59, 35, 36, 18, 55, 39, 13, 74, 2, 6, 3, 82, 15, 79, 27, 32, 94, 87, 22, 99, 57, 95, 91, 4, 9]
94142
52: [63, 18, 72, 64, 2, 31, 50, 82, 35, 98, 7, 75, 30, 74, 59, 55, 34, 42, 88, 89, 56, 94, 24, 93, 79, 92, 37, 43, 90, 39, 73, 10, 16, 96, 99, 22, 67, 6, 32, 91, 71, 76, 80, 1, 25, 66, 69, 44, 61, 9]
86861
53: [54, 47, 84, 10, 32, 70, 39, 31, 61, 43, 91, 77, 96, 99, 41, 59, 62, 35, 55, 53, 27, 37, 20, 73, 52, 86, 5, 87, 4, 26, 18, 22, 69, 88, 29, 11, 92, 58, 21, 40, 89, 85, 74, 67, 56, 94, 30, 65, 3, 9]
87858
54: [89, 29, 61, 64, 47, 87, 5, 90, 6, 72, 8, 23, 49, 18, 77, 42, 86, 16, 27, 1, 3, 74, 20, 53, 13, 26, 78, 11, 60, 54, 85, 92, 33, 48, 68, 14, 4, 55, 25, 94, 96, 75, 30, 35, 99, 56, 63, 80, 84, 21]
91568
55: [46, 21, 32, 66, 75, 89, 77, 90, 39, 20, 26, 53, 18, 58, 62, 27, 61, 3, 49, 28, 72, 70, 93, 45, 22, 43, 88, 57, 47, 5, 55, 10, 68, 7, 54, 52, 56, 38, 6, 96, 0, 14, 83, 13, 9, 2, 36, 82, 92, 63]
92497
56: [14, 45, 25, 6, 23, 91, 43, 40, 21, 67, 29, 82, 34, 1, 98, 27, 78, 57, 26, 3, 61, 93, 95, 80, 86, 4, 50, 10, 68, 85, 97, 48, 16, 31, 17, 94, 88, 5, 71, 63, 2, 69, 22, 47, 83, 64, 81, 18, 87, 9]
91594
57: [18, 61, 51, 63, 75, 16, 26, 96, 56, 36, 38, 29, 20, 17, 62, 9, 23, 28, 54, 93, 77, 53, 95, 80, 57, 31, 89, 24, 34, 19, 44, 70, 65, 5, 2, 35, 1, 66, 84, 58, 46, 15, 74, 91, 78, 79, 83, 69, 98, 87]
75013
58: [29, 59, 68, 93, 0, 47, 7, 16, 64, 73, 52, 69, 37, 3, 78, 66, 81, 1, 99, 90, 21, 32, 75, 77, 51, 5, 80, 43, 38, 56, 28, 48, 40, 34, 83, 88, 54, 98, 63, 85, 31, 18, 23, 4, 65, 71, 12, 57, 20, 89]
85304
59: [99, 1, 82, 67, 79, 54, 75, 71, 57, 41, 36, 40, 55, 37, 94, 34, 74, 15, 76, 42, 91, 28, 3, 24, 83, 90, 58, 27, 47, 68, 29, 32, 6, 7, 39, 81, 10, 56, 45, 23, 43, 11, 60, 87, 59, 86, 85, 25, 92, 89]
91216
60: [86, 89, 78, 84, 37, 83, 97, 77, 49, 31, 25, 19, 1, 85, 74, 5, 46, 17, 12, 28, 56, 76, 38, 66, 79, 81, 11, 98, 34, 69, 6, 35, 20, 54, 87, 9, 59, 36, 23, 47, 18, 3, 10, 71, 58, 26, 44, 32, 63, 93]
89627
61: [77, 72, 7, 10, 52, 0, 80, 88, 9, 57, 22, 27, 56, 25, 87, 2, 97, 99, 17, 32, 84, 24, 23, 79, 65, 29, 28, 68, 36, 71, 47, 42, 38, 51, 3, 41, 11, 89, 86, 14, 49, 78, 34, 95, 96, 8, 61, 64, 16, 82]
87752
62: [57, 84, 70, 72, 85, 73, 97, 21, 8, 98, 26, 13, 52, 38, 17, 74, 6, 34, 93, 40, 4, 11, 0, 65, 41, 30, 22, 15, 29, 20, 36, 49, 77, 50, 96, 32, 59, 16, 51, 91, 92, 1, 5, 99, 43, 83, 61, 27, 63, 71]
93101
63: [26, 77, 40, 85, 24, 6, 92, 84, 80, 75, 59, 34, 28, 76, 69, 70, 38, 46, 35, 50, 33, 20, 32, 90, 52, 42, 12, 15, 73, 7, 23, 11, 18, 67, 3, 72, 89, 13, 62, 41, 64, 4, 5, 96, 37, 94, 86, 0, 47, 22]
92232
64: [22, 48, 10, 73, 70, 87, 42, 27, 72, 31, 93, 57, 63, 47, 97, 21, 1, 76, 5, 51, 36, 16, 94, 32, 4, 91, 46, 65, 61, 26, 9, 83, 0, 19, 52, 62, 34, 14, 8, 54, 41, 64, 30, 39, 68, 67, 7, 45, 59, 44]
76163
65: [86, 32, 77, 89, 82, 26, 84, 76, 57, 14, 12, 38, 64, 81, 56, 50, 44, 1, 74, 68, 83, 19, 75, 17, 87, 31, 60, 21, 47, 40, 99, 85, 93, 90, 29, 30, 10, 71, 92, 3, 28, 98, 6, 88, 61, 96, 55, 45, 13, 36]
86799
66: [93, 97, 5, 29, 96, 23, 14, 31, 26, 52, 95, 36, 82, 25, 11, 13, 94, 35, 28, 79, 3, 55, 70, 2, 9, 30, 83, 87, 53, 58, 90, 65, 85, 86, 71, 46, 54, 43, 6, 89, 38, 74, 51, 16, 61, 4, 92, 62, 81, 77]
91967
67: [94, 80, 62, 57, 7, 15, 12, 73, 65, 60, 75, 93, 98, 9, 46, 86, 33, 53, 23, 83, 84, 71, 37, 19, 67, 45, 24, 25, 35, 21, 14, 76, 18, 36, 56, 11, 38, 6, 49, 58, 55, 81, 64, 95, 90, 88, 79, 50, 5, 26]
83875
68: [98, 45, 0, 6, 59, 41, 32, 47, 91, 62, 64, 43, 82, 19, 67, 23, 4, 16, 70, 58, 71, 31, 92, 50, 42, 66, 21, 26, 20, 61, 87, 79, 10, 63, 33, 56, 36, 85, 48, 11, 24, 51, 52, 76, 22, 1, 77, 81, 65, 46]
84910
69: [11, 14, 47, 19, 77, 61, 3, 82, 28, 79, 0, 58, 26, 48, 20, 16, 12, 21, 71, 78, 45, 9, 31, 68, 13, 85, 8, 93, 81, 90, 96, 92, 65, 18, 37, 41, 30, 46, 80, 70, 76, 72, 51, 10, 83, 95, 67, 59, 88, 66]
80658
70: [41, 82, 91, 35, 36, 51, 85, 40, 98, 27, 67, 30, 6, 58, 59, 76, 56, 17, 18, 13, 11, 25, 16, 34, 60, 71, 44, 32, 88, 0, 80, 52, 53, 31, 23, 64, 73, 54, 68, 93, 33, 49, 9, 87, 62, 42, 83, 28, 39, 90]
88189
71: [53, 62, 80, 59, 47, 46, 9, 39, 41, 44, 93, 12, 63, 40, 23, 1, 82, 77, 34, 25, 85, 87, 52, 18, 55, 2, 3, 35, 49, 51, 37, 0, 24, 57, 21, 94, 75, 86, 36, 54, 71, 33, 65, 4, 67, 95, 72, 14, 6, 78]
94041
72: [78, 88, 54, 18, 51, 10, 53, 87, 0, 28, 79, 85, 15, 2, 26, 69, 34, 84, 41, 16, 40, 22, 1, 47, 57, 81, 39, 98, 36, 50, 94, 24, 55, 9, 8, 61, 44, 77, 20, 65, 27, 92, 66, 48, 62, 21, 89, 23, 70, 12]
93542
73: [14, 21, 57, 53, 8, 75, 5, 82, 47, 71, 7, 35, 10, 33, 66, 56, 17, 95, 49, 63, 76, 99, 37, 38, 68, 42, 11, 45, 87, 91, 25, 19, 79, 46, 2, 60, 9, 30, 55, 16, 70, 96, 40, 39, 50, 58, 98, 43, 62, 97]
87432
74: [83, 13, 63, 28, 12, 19, 80, 37, 55, 22, 62, 26, 18, 1, 95, 85, 69, 38, 21, 32, 7, 35, 42, 39, 77, 34, 46, 8, 88, 59, 14, 60, 58, 49, 41, 71, 36, 91, 70, 72, 31, 98, 96, 89, 3, 81, 78, 54, 48, 86]
98265
75: [31, 53, 78, 59, 17, 66, 64, 37, 30, 24, 1, 55, 88, 23, 46, 40, 35, 3, 50, 22, 70, 99, 11, 69, 4, 41, 97, 85, 77, 65, 33, 63, 81, 58, 5, 18, 8, 98, 82, 45, 10, 47, 9, 42, 12, 15, 0, 76, 67, 80]
92110
76: [39, 27, 0, 13, 61, 42, 44, 17, 91, 11, 68, 10, 12, 25, 15, 72, 95, 36, 33, 21, 34, 30, 47, 65, 43, 51, 52, 71, 19, 86, 62, 83, 49, 18, 53, 23, 78, 7, 99, 87, 88, 31, 41, 8, 64, 38, 26, 22, 54, 4]
91471
77: [74, 90, 14, 4, 78, 94, 10, 35, 33, 79, 80, 40, 36, 68, 60, 50, 48, 83, 46, 24, 17, 20, 18, 19, 29, 87, 22, 75, 15, 34, 98, 96, 70, 76, 95, 32, 55, 47, 51, 13, 84, 9, 26, 97, 28, 91, 92, 1, 44, 77]
91216
78: [48, 39, 75, 50, 79, 9, 89, 16, 28, 91, 43, 93, 5, 41, 44, 13, 19, 86, 4, 46, 69, 95, 0, 27, 97, 73, 67, 71, 32, 88, 53, 24, 80, 18, 20, 45, 83, 87, 6, 92, 55, 90, 62, 12, 96, 61, 23, 63, 11, 82]
83765
79: [88, 46, 21, 50, 16, 80, 33, 61, 7, 84, 26, 40, 15, 14, 51, 92, 60, 52, 82, 28, 73, 81, 23, 29, 41, 31, 58, 95, 53, 43, 8, 96, 99, 4, 25, 44, 24, 1, 27, 38, 87, 70, 65, 54, 13, 76, 77, 2, 45, 78]
95721
80: [21, 7, 28, 10, 67, 26, 14, 25, 22, 80, 12, 20, 60, 55, 71, 31, 3, 66, 23, 58, 29, 85, 48, 46, 16, 70, 90, 74, 5, 68, 1, 39, 52, 82, 50, 72, 11, 65, 59, 38, 19, 32, 79, 43, 49, 86, 95, 97, 51, 24]
80420
81: [64, 23, 25, 73, 30, 48, 53, 86, 47, 78, 95, 32, 42, 4, 29, 91, 72, 5, 97, 1, 61, 34, 57, 84, 52, 80, 50, 19, 26, 44, 12, 37, 16, 75, 60, 8, 99, 85, 59, 2, 10, 63, 31, 6, 90, 65, 40, 69, 43, 7]
84191
82: [39, 52, 22, 91, 12, 62, 42, 8, 32, 24, 40, 7, 96, 87, 74, 86, 66, 17, 73, 0, 98, 30, 75, 25, 61, 29, 79, 2, 81, 38, 47, 43, 71, 99, 11, 49, 5, 54, 55, 70, 1, 88, 13, 80, 37, 34, 31, 72, 83, 41]
91419
83: [35, 76, 42, 29, 10, 18, 7, 64, 71, 73, 74, 56, 68, 88, 70, 39, 37, 41, 82, 54, 46, 98, 95, 78, 43, 92, 21, 84, 66, 69, 59, 49, 51, 47, 4, 85, 28, 26, 48, 57, 38, 24, 32, 75, 20, 90, 23, 33, 77, 40]
79020
84: [42, 12, 6, 78, 33, 96, 21, 17, 34, 29, 7, 79, 68, 3, 69, 70, 80, 61, 85, 47, 55, 82, 20, 35, 24, 97, 50, 88, 51, 4, 98, 63, 25, 76, 62, 92, 99, 90, 2, 60, 40, 44, 48, 54, 57, 52, 56, 72, 91, 45]
86643
85: [41, 44, 94, 89, 63, 35, 77, 61, 30, 62, 9, 32, 31, 38, 67, 64, 0, 47, 49, 84, 68, 46, 13, 16, 8, 37, 33, 58, 50, 55, 24, 52, 81, 73, 18, 59, 40, 1, 91, 29, 39, 98, 21, 19, 45, 17, 78, 93, 86, 14]
96033
86: [69, 21, 9, 14, 71, 36, 50, 11, 64, 72, 54, 41, 91, 88, 76, 19, 98, 31, 92, 27, 17, 89, 37, 83, 67, 74, 95, 46, 40, 25, 73, 24, 44, 61, 35, 43, 3, 55, 57, 94, 52, 99, 49, 90, 1, 53, 28, 34, 6, 45]
79773
87: [51, 25, 27, 30, 10, 42, 86, 61, 8, 22, 73, 93, 28, 14, 2, 70, 9, 7, 13, 32, 94, 38, 63, 75, 46, 68, 6, 71, 69, 41, 55, 1, 15, 81, 3, 43, 12, 72, 52, 82, 74, 99, 19, 17, 35, 20, 77, 90, 11, 50]
84994
88: [11, 72, 98, 71, 93, 1, 17, 9, 26, 8, 34, 18, 64, 56, 68, 62, 92, 61, 43, 96, 84, 82, 81, 35, 65, 24, 28, 90, 80, 83, 0, 19, 75, 58, 85, 69, 16, 32, 59, 22, 13, 39, 2, 94, 37, 33, 36, 46, 21, 27]
87740
89: [60, 61, 43, 98, 64, 56, 73, 27, 93, 52, 8, 20, 55, 14, 69, 32, 41, 0, 18, 83, 63, 22, 19, 87, 23, 13, 37, 11, 4, 21, 10, 57, 95, 86, 38, 53, 46, 59, 30, 2, 7, 12, 75, 76, 72, 96, 24, 68, 39, 49]
84730
90: [17, 11, 28, 19, 93, 51, 5, 20, 4, 45, 26, 24, 41, 72, 91, 13, 21, 97, 78, 58, 54, 32, 60, 88, 43, 74, 68, 92, 52, 27, 18, 1, 80, 3, 22, 47, 30, 65, 37, 61, 14, 77, 40, 42, 50, 73, 34, 31, 0, 8]
84434
91: [49, 34, 48, 35, 11, 2, 92, 30, 37, 41, 97, 60, 4, 83, 96, 67, 20, 47, 46, 79, 43, 70, 91, 21, 72, 17, 73, 18, 90, 95, 63, 25, 75, 88, 12, 15, 51, 33, 59, 52, 78, 13, 27, 69, 38, 42, 45, 10, 36, 14]
97856
92: [72, 88, 0, 58, 65, 90, 16, 46, 74, 67, 17, 84, 51, 37, 66, 83, 9, 61, 15, 94, 41, 23, 93, 42, 73, 24, 62, 13, 78, 76, 5, 14, 44, 99, 36, 63, 26, 52, 96, 64, 11, 92, 8, 98, 39, 33, 18, 69, 55, 22]
85378
93: [93, 0, 67, 13, 14, 5, 72, 20, 49, 66, 10, 26, 77, 12, 9, 54, 30, 89, 61, 19, 62, 31, 90, 11, 52, 51, 7, 15, 71, 28, 35, 83, 96, 75, 58, 17, 69, 37, 29, 74, 79, 2, 76, 45, 21, 4, 92, 16, 44, 84]
88993
94: [2, 49, 0, 8, 18, 78, 56, 63, 30, 83, 35, 28, 47, 44, 51, 72, 94, 66, 45, 15, 73, 6, 23, 53, 12, 59, 86, 13, 82, 90, 33, 87, 14, 42, 96, 16, 71, 58, 88, 43, 5, 98, 95, 54, 52, 3, 17, 19, 62, 34]
82076
95: [85, 62, 58, 79, 80, 73, 57, 3, 53, 25, 77, 75, 90, 97, 46, 92, 87, 91, 71, 83, 24, 66, 59, 0, 72, 37, 12, 82, 9, 94, 52, 41, 21, 27, 16, 26, 50, 95, 36, 6, 69, 22, 63, 19, 78, 7, 54, 55, 42, 61]
81673
96: [96, 87, 72, 62, 52, 78, 94, 99, 79, 68, 4, 21, 67, 55, 82, 3, 46, 85, 11, 65, 74, 27, 36, 64, 60, 32, 73, 49, 38, 61, 81, 97, 71, 45, 12, 91, 66, 0, 63, 14, 17, 54, 18, 23, 90, 86, 83, 43, 8, 22]
90875
97: [9, 24, 26, 41, 42, 22, 5, 38, 46, 74, 47, 99, 77, 98, 58, 8, 48, 52, 87, 35, 1, 31, 32, 39, 65, 64, 93, 50, 43, 82, 15, 0, 18, 84, 92, 4, 21, 33, 72, 91, 67, 78, 51, 36, 16, 60, 69, 40, 97, 11]
91899
98: [24, 28, 89, 57, 63, 87, 93, 33, 83, 79, 39, 61, 7, 82, 32, 29, 53, 42, 73, 98, 41, 21, 97, 69, 90, 35, 36, 11, 0, 40, 62, 55, 15, 75, 76, 71, 59, 2, 26, 10, 68, 60, 84, 16, 50, 52, 72, 12, 19, 25]
87679
99: [38, 44, 65, 26, 46, 30, 16, 54, 32, 33, 10, 9, 47, 98, 5, 76, 49, 78, 92, 36, 20, 15, 68, 61, 96, 66, 7, 67, 13, 75, 99, 77, 72, 70, 39, 24, 40, 94, 62, 22, 88, 41, 42, 97, 84, 2, 34, 58, 14, 52]
82871
0: [67, 12, 86, 27, 1, 40, 71, 55, 3, 34, 11, 73, 92, 80, 51, 4, 57, 59, 63, 85, 7, 66, 13, 97, 50, 44, 88, 30, 93, 36, 52, 33, 46, 79, 77, 81, 22, 96, 75, 5, 43, 32, 15, 58, 90, 18, 24, 31, 98, 0]
82467
1: [88, 5, 99, 34, 24, 1, 83, 57, 59, 68, 26, 97, 4, 60, 98, 92, 11, 73, 81, 55, 61, 20, 71, 84, 17, 91, 70, 41, 43, 56, 90, 28, 3, 31, 45, 44, 19, 86, 95, 85, 79, 40, 87, 49, 12, 58, 53, 13, 9, 38]
94646
2: [44, 80, 59, 87, 98, 15, 36, 31, 72, 88, 71, 26, 1, 96, 55, 60, 81, 84, 5, 89, 25, 79, 73, 52, 86, 42, 69, 93, 47, 43, 61, 20, 56, 48, 28, 85, 77, 66, 45, 95, 67, 7, 64, 75, 14, 11, 82, 24, 99, 40]
79804
3: [89, 69, 44, 19, 61, 97, 36, 68, 75, 5, 85, 59, 57, 52, 24, 13, 11, 90, 65, 60, 78, 47, 74, 12, 73, 18, 34, 95, 54, 94, 6, 80, 46, 67, 29, 66, 49, 45, 10, 23, 28, 48, 37, 56, 79, 30, 21, 86, 91, 2]
85087
4: [11, 34, 95, 99, 98, 71, 51, 77, 60, 5, 14, 43, 36, 55, 21, 63, 28, 42, 78, 32, 69, 44, 46, 82, 9, 30, 85, 1, 56, 75, 87, 6, 59, 3, 92, 67, 49, 52, 24, 16, 68, 13, 94, 47, 12, 40, 38, 62, 54, 80]
86120
5: [19, 14, 90, 50, 75, 53, 5, 40, 4, 81, 20, 85, 9, 93, 97, 34, 30, 32, 83, 63, 18, 31, 2, 25, 76, 8, 7, 23, 71, 46, 24, 94, 51, 65, 21, 12, 42, 36, 44, 91, 99, 60, 86, 6, 96, 35, 67, 79, 48, 33]
85104
6: [93, 20, 61, 27, 1, 79, 13, 33, 45, 30, 63, 14, 69, 36, 16, 44, 97, 68, 9, 0, 89, 94, 75, 21, 77, 78, 76, 67, 34, 17, 24, 72, 12, 80, 46, 8, 64, 74, 29, 35, 99, 52, 31, 15, 85, 3, 71, 56, 37, 73]
91161
7: [7, 19, 6, 89, 11, 65, 13, 41, 29, 38, 56, 0, 93, 79, 44, 43, 46, 5, 23, 39, 67, 88, 31, 64, 86, 26, 50, 69, 28, 27, 78, 83, 82, 90, 68, 53, 85, 87, 74, 20, 49, 14, 40, 84, 52, 98, 94, 10, 18, 34]
88274
8: [79, 4, 91, 33, 47, 81, 32, 13, 84, 94, 93, 89, 26, 95, 8, 65, 18, 67, 14, 87, 44, 15, 88, 37, 34, 77, 39, 9, 57, 36, 41, 76, 28, 59, 51, 50, 82, 72, 0, 80, 60, 98, 25, 90, 99, 97, 75, 5, 12, 74]
86974
9: [85, 96, 88, 53, 16, 5, 38, 51, 50, 32, 6, 21, 14, 70, 34, 74, 72, 55, 58, 20, 63, 78, 28, 37, 40, 82, 93, 59, 79, 90, 89, 98, 52, 9, 10, 86, 29, 94, 3, 24, 97, 75, 25, 1, 39, 65, 12, 18, 67, 23]
95910
10: [3, 91, 72, 16, 0, 93, 39, 50, 56, 35, 88, 87, 5, 38, 4, 7, 42, 21, 67, 32, 23, 47, 90, 55, 89, 86, 6, 48, 59, 43, 66, 44, 40, 28, 83, 41, 11, 29, 17, 64, 14, 54, 58, 76, 49, 96, 57, 25, 24, 53]
88288
11: [68, 74, 13, 84, 93, 82, 67, 94, 31, 44, 70, 41, 57, 17, 5, 4, 33, 8, 62, 90, 35, 76, 95, 6, 86, 79, 54, 71, 73, 65, 50, 78, 87, 16, 92, 7, 9, 20, 75, 47, 38, 23, 40, 11, 32, 42, 51, 30, 3, 14]
81131
12: [61, 32, 13, 95, 12, 20, 4, 89, 68, 15, 90, 21, 54, 16, 76, 94, 58, 39, 83, 37, 81, 51, 91, 44, 17, 73, 36, 28, 14, 27, 96, 25, 30, 8, 10, 3, 57, 85, 24, 66, 43, 50, 45, 88, 1, 86, 55, 38, 97, 56]
84974
13: [18, 44, 41, 84, 88, 80, 9, 12, 47, 27, 43, 77, 31, 35, 15, 67, 98, 97, 42, 92, 3, 68, 83, 29, 65, 10, 76, 28, 25, 36, 0, 70, 93, 59, 94, 49, 46, 20, 13, 40, 45, 61, 14, 2, 52, 50, 56, 19, 81, 60]
93461
14: [44, 32, 82, 52, 13, 86, 63, 24, 80, 68, 65, 61, 96, 36, 29, 98, 17, 14, 25, 27, 3, 62, 99, 1, 87, 31, 38, 33, 9, 91, 88, 40, 42, 69, 75, 71, 57, 48, 84, 8, 11, 5, 7, 70, 2, 49, 23, 67, 58, 89]
88974
15: [92, 53, 87, 37, 30, 17, 60, 36, 3, 73, 64, 35, 89, 95, 26, 31, 56, 49, 18, 33, 58, 71, 94, 61, 76, 29, 93, 12, 32, 10, 22, 51, 24, 78, 11, 65, 21, 88, 50, 14, 54, 2, 83, 67, 98, 57, 82, 91, 5, 42]
90207
16: [45, 15, 86, 19, 65, 32, 66, 47, 93, 85, 27, 96, 2, 71, 67, 25, 70, 28, 6, 98, 95, 57, 11, 52, 90, 61, 77, 22, 40, 79, 73, 64, 53, 69, 92, 68, 41, 23, 29, 60, 78, 58, 13, 7, 18, 8, 4, 62, 36, 38]
102176
17: [86, 51, 74, 2, 12, 48, 68, 63, 64, 31, 76, 0, 42, 89, 3, 20, 52, 91, 8, 80, 46, 72, 53, 62, 17, 30, 16, 99, 61, 38, 97, 54, 65, 6, 49, 35, 81, 27, 66, 14, 85, 69, 82, 26, 87, 18, 75, 10, 56, 44]
86961
18: [0, 84, 43, 70, 49, 76, 36, 81, 16, 60, 92, 30, 53, 45, 59, 47, 55, 28, 93, 3, 67, 7, 54, 18, 26, 62, 83, 71, 17, 79, 65, 52, 12, 39, 25, 51, 85, 46, 69, 11, 98, 31, 15, 58, 34, 48, 66, 23, 82, 86]
84750
19: [26, 64, 76, 55, 10, 21, 99, 82, 32, 4, 62, 9, 85, 8, 53, 90, 87, 51, 61, 42, 22, 92, 95, 74, 25, 79, 88, 16, 28, 0, 67, 18, 96, 38, 80, 63, 40, 13, 73, 12, 66, 86, 78, 39, 94, 36, 57, 14, 97, 68]
81964
20: [95, 8, 45, 12, 58, 63, 99, 62, 77, 60, 4, 79, 43, 31, 6, 91, 25, 57, 80, 96, 20, 32, 92, 11, 29, 37, 10, 16, 17, 55, 44, 3, 84, 52, 72, 56, 41, 28, 46, 48, 2, 93, 19, 30, 21, 26, 78, 59, 39, 75]
93302
21: [87, 95, 32, 46, 98, 67, 3, 60, 63, 25, 88, 45, 39, 85, 21, 68, 26, 37, 50, 23, 64, 58, 53, 83, 86, 22, 59, 96, 20, 31, 75, 38, 51, 5, 47, 18, 24, 7, 89, 10, 91, 66, 13, 6, 70, 11, 76, 34, 33, 43]
85136
22: [19, 77, 6, 63, 2, 9, 40, 0, 89, 47, 7, 46, 95, 86, 48, 72, 45, 8, 54, 26, 84, 37, 20, 41, 55, 21, 30, 39, 15, 88, 80, 1, 28, 36, 68, 4, 52, 49, 50, 69, 60, 11, 34, 14, 99, 79, 51, 66, 78, 75]
85374
23: [99, 41, 30, 9, 3, 29, 13, 23, 36, 84, 85, 22, 2, 75, 78, 83, 95, 4, 58, 76, 24, 89, 28, 48, 54, 94, 93, 42, 5, 16, 50, 66, 77, 62, 88, 51, 91, 14, 7, 21, 80, 60, 64, 0, 92, 52, 35, 18, 44, 10]
88357
24: [95, 99, 28, 30, 55, 56, 59, 86, 1, 76, 43, 44, 47, 53, 50, 21, 73, 85, 17, 65, 14, 0, 87, 8, 49, 16, 11, 71, 54, 68, 9, 79, 6, 27, 88, 93, 4, 31, 77, 75, 97, 64, 51, 25, 58, 41, 36, 38, 81, 5]
87842
25: [68, 91, 54, 35, 98, 94, 15, 16, 76, 11, 1, 70, 96, 34, 62, 99, 26, 77, 39, 0, 13, 12, 87, 21, 61, 81, 69, 92, 2, 79, 41, 5, 53, 64, 23, 25, 36, 58, 49, 17, 7, 24, 46, 89, 57, 82, 47, 10, 42, 90]
94108
26: [70, 63, 84, 15, 14, 88, 80, 71, 1, 10, 37, 34, 5, 12, 91, 73, 7, 6, 35, 76, 49, 90, 99, 69, 78, 31, 94, 33, 45, 18, 26, 16, 0, 11, 40, 55, 98, 19, 8, 53, 85, 61, 87, 57, 67, 38, 22, 77, 47, 68]
87015
27: [60, 75, 86, 29, 63, 9, 56, 97, 88, 35, 52, 1, 7, 98, 43, 76, 26, 90, 42, 14, 20, 62, 77, 4, 33, 91, 79, 83, 49, 82, 69, 11, 72, 71, 37, 27, 32, 68, 24, 17, 70, 10, 25, 36, 3, 99, 44, 78, 38, 45]
90003
28: [58, 32, 72, 99, 85, 94, 77, 2, 54, 50, 23, 34, 1, 88, 27, 22, 75, 96, 83, 4, 9, 8, 74, 60, 61, 53, 40, 31, 89, 86, 25, 36, 57, 16, 66, 26, 24, 10, 12, 64, 41, 43, 68, 6, 0, 14, 39, 46, 13, 69]
90068
29: [53, 63, 86, 79, 75, 17, 3, 80, 38, 96, 25, 99, 2, 27, 98, 52, 37, 7, 83, 28, 15, 0, 64, 9, 22, 39, 26, 14, 67, 76, 46, 4, 56, 16, 30, 20, 19, 31, 84, 47, 60, 21, 97, 32, 55, 41, 91, 34, 74, 50]
82660
30: [19, 61, 64, 15, 6, 92, 21, 93, 27, 1, 51, 32, 79, 65, 72, 88, 82, 17, 52, 25, 78, 95, 54, 0, 20, 11, 31, 76, 74, 84, 16, 89, 3, 12, 80, 30, 58, 83, 4, 41, 8, 37, 38, 7, 2, 44, 99, 14, 13, 9]
89184
31: [28, 81, 74, 11, 14, 32, 16, 65, 26, 85, 72, 83, 45, 89, 63, 61, 48, 22, 87, 8, 2, 35, 57, 33, 78, 30, 49, 69, 29, 13, 97, 20, 71, 7, 27, 67, 51, 3, 99, 62, 42, 38, 76, 79, 34, 15, 86, 68, 75, 66]
95406
32: [30, 67, 90, 18, 39, 62, 5, 7, 98, 78, 32, 50, 93, 3, 14, 28, 54, 46, 52, 6, 89, 49, 34, 15, 12, 11, 61, 44, 68, 1, 40, 92, 97, 13, 69, 9, 79, 45, 71, 75, 0, 80, 88, 42, 26, 23, 56, 86, 57, 37]
86725
33: [24, 40, 33, 82, 84, 37, 97, 50, 77, 31, 55, 89, 81, 47, 15, 93, 45, 12, 43, 72, 9, 21, 32, 41, 49, 46, 94, 19, 25, 13, 42, 70, 52, 30, 35, 2, 0, 96, 18, 80, 57, 86, 66, 38, 62, 74, 59, 90, 79, 64]
82822
34: [58, 36, 52, 53, 75, 46, 14, 64, 5, 86, 87, 8, 56, 68, 29, 97, 76, 81, 20, 34, 13, 99, 22, 71, 93, 21, 94, 49, 98, 50, 17, 3, 89, 92, 30, 72, 80, 83, 55, 39, 11, 28, 10, 26, 62, 1, 15, 12, 16, 38]
87325
35: [26, 91, 69, 39, 74, 36, 79, 2, 43, 18, 87, 9, 32, 42, 54, 93, 5, 57, 63, 80, 72, 95, 7, 4, 27, 82, 67, 56, 20, 98, 50, 16, 99, 90, 38, 75, 66, 12, 48, 10, 35, 70, 85, 1, 64, 52, 41, 24, 44, 96]
85024
36: [51, 82, 16, 70, 81, 27, 69, 14, 89, 23, 50, 45, 39, 66, 19, 47, 58, 41, 11, 68, 90, 65, 93, 73, 5, 99, 77, 46, 17, 63, 35, 84, 76, 55, 80, 42, 52, 59, 49, 91, 74, 37, 44, 75, 22, 79, 21, 97, 33, 34]
82892
37: [53, 71, 78, 64, 86, 83, 88, 98, 57, 90, 49, 1, 13, 79, 23, 73, 58, 27, 36, 55, 77, 48, 52, 10, 74, 87, 40, 41, 15, 14, 32, 43, 76, 16, 51, 6, 91, 2, 89, 70, 45, 37, 4, 72, 39, 85, 99, 84, 24, 17]
88975
38: [94, 65, 10, 34, 91, 28, 19, 50, 47, 73, 15, 21, 48, 83, 51, 72, 6, 67, 30, 76, 80, 24, 79, 5, 55, 77, 3, 93, 63, 39, 35, 13, 60, 89, 99, 41, 57, 22, 17, 56, 74, 11, 36, 25, 26, 53, 52, 68, 27, 38]
85721
39: [97, 98, 11, 81, 43, 41, 72, 62, 40, 70, 15, 75, 28, 14, 7, 26, 47, 22, 57, 34, 84, 73, 45, 96, 5, 44, 90, 19, 74, 54, 25, 85, 0, 68, 65, 27, 50, 24, 67, 94, 55, 86, 52, 38, 80, 95, 1, 17, 64, 32]
89007
40: [67, 65, 19, 79, 4, 72, 39, 46, 25, 16, 69, 96, 29, 37, 59, 88, 71, 42, 75, 24, 27, 21, 38, 73, 97, 58, 48, 51, 61, 32, 2, 56, 36, 92, 11, 70, 57, 18, 3, 77, 63, 34, 6, 55, 30, 12, 90, 20, 53, 78]
90318
41: [51, 44, 96, 77, 9, 95, 29, 55, 67, 48, 22, 13, 75, 99, 64, 58, 81, 61, 80, 56, 49, 97, 83, 38, 98, 47, 34, 70, 5, 93, 39, 45, 88, 15, 23, 87, 50, 14, 46, 35, 68, 82, 54, 71, 89, 78, 69, 8, 60, 33]
86181
42: [18, 4, 29, 59, 75, 98, 2, 37, 32, 58, 16, 9, 6, 86, 94, 87, 57, 7, 73, 24, 21, 5, 17, 30, 83, 22, 49, 78, 13, 97, 50, 3, 23, 42, 71, 10, 92, 66, 90, 33, 31, 81, 65, 25, 47, 43, 0, 60, 84, 99]
93745
43: [11, 87, 40, 81, 38, 53, 27, 67, 20, 55, 4, 80, 46, 0, 29, 86, 5, 43, 73, 9, 88, 76, 77, 15, 1, 66, 98, 58, 78, 34, 60, 75, 19, 25, 30, 42, 85, 6, 95, 96, 24, 26, 28, 41, 49, 84, 69, 70, 92, 35]
88535
44: [46, 21, 34, 80, 36, 57, 38, 55, 7, 48, 84, 89, 68, 0, 49, 86, 97, 56, 31, 35, 62, 17, 32, 92, 58, 10, 50, 60, 22, 72, 30, 59, 90, 11, 82, 64, 13, 33, 63, 98, 39, 24, 26, 27, 3, 47, 23, 45, 52, 79]
80903
45: [62, 52, 86, 58, 70, 63, 61, 10, 26, 27, 68, 98, 8, 56, 88, 50, 60, 25, 59, 47, 80, 65, 53, 91, 74, 92, 48, 81, 33, 14, 45, 89, 12, 36, 23, 3, 43, 77, 39, 99, 41, 49, 11, 37, 93, 22, 64, 34, 38, 6]
87219
46: [61, 47, 77, 17, 48, 12, 9, 41, 97, 28, 93, 82, 99, 8, 30, 32, 44, 27, 79, 92, 98, 65, 62, 70, 1, 85, 56, 74, 22, 25, 66, 86, 16, 51, 59, 18, 68, 80, 84, 3, 6, 57, 7, 88, 45, 73, 75, 90, 71, 91]
88519
47: [78, 83, 2, 36, 34, 80, 75, 62, 67, 3, 65, 56, 29, 47, 10, 24, 84, 0, 68, 86, 18, 91, 59, 17, 38, 57, 30, 88, 74, 26, 73, 87, 11, 19, 52, 98, 22, 72, 44, 51, 40, 99, 13, 35, 69, 49, 82, 54, 41, 9]
74168
48: [95, 63, 8, 41, 85, 96, 50, 12, 42, 3, 79, 40, 89, 26, 54, 59, 90, 14, 43, 44, 48, 65, 39, 55, 30, 5, 20, 35, 7, 28, 11, 72, 45, 60, 67, 92, 51, 58, 33, 56, 77, 66, 68, 84, 19, 61, 86, 4, 23, 49]
74351
49: [50, 85, 49, 37, 48, 18, 21, 55, 53, 1, 44, 61, 28, 12, 23, 80, 20, 14, 6, 15, 9, 51, 30, 36, 5, 3, 92, 88, 63, 83, 75, 59, 11, 54, 41, 7, 64, 19, 97, 91, 34, 73, 52, 40, 35, 13, 76, 16, 93, 27]
83006
50: [87, 10, 48, 55, 4, 13, 84, 67, 94, 92, 93, 75, 14, 77, 62, 49, 99, 16, 11, 53, 39, 79, 27, 71, 61, 17, 63, 30, 6, 90, 78, 51, 41, 81, 22, 2, 96, 60, 69, 9, 46, 85, 56, 40, 21, 29, 95, 54, 45, 97]
86942
51: [60, 92, 36, 47, 72, 67, 20, 49, 43, 40, 39, 22, 5, 74, 8, 95, 1, 21, 37, 82, 93, 62, 38, 57, 85, 15, 63, 71, 87, 10, 98, 48, 42, 56, 19, 50, 27, 70, 88, 77, 97, 73, 30, 46, 76, 7, 99, 34, 66, 68]
76004
52: [70, 81, 85, 92, 32, 35, 88, 52, 30, 6, 16, 95, 67, 28, 27, 86, 74, 31, 14, 61, 20, 18, 82, 90, 80, 37, 8, 56, 4, 38, 53, 44, 91, 72, 51, 25, 22, 41, 46, 21, 57, 84, 58, 98, 17, 48, 78, 24, 45, 69]
80223
53: [25, 80, 15, 11, 24, 50, 93, 7, 95, 18, 66, 54, 99, 77, 78, 44, 30, 33, 61, 8, 76, 89, 4, 85, 31, 49, 29, 0, 68, 34, 38, 90, 22, 51, 52, 23, 91, 2, 48, 41, 81, 79, 73, 45, 62, 43, 87, 35, 94, 60]
89969
54: [91, 14, 25, 17, 81, 85, 49, 59, 2, 8, 53, 40, 7, 82, 46, 60, 11, 36, 39, 50, 30, 4, 47, 16, 89, 33, 64, 99, 54, 88, 12, 63, 1, 76, 29, 44, 74, 90, 6, 65, 78, 5, 18, 28, 61, 45, 31, 77, 67, 72]
81921
55: [52, 29, 20, 94, 34, 9, 13, 43, 16, 17, 25, 59, 14, 4, 92, 19, 68, 21, 2, 76, 81, 98, 27, 49, 79, 83, 47, 11, 67, 53, 26, 32, 56, 35, 48, 18, 45, 30, 91, 8, 36, 50, 96, 66, 28, 88, 85, 62, 63, 84]
94514
56: [55, 35, 78, 6, 66, 17, 82, 58, 91, 97, 95, 31, 26, 1, 99, 80, 44, 27, 56, 63, 75, 42, 40, 61, 67, 20, 96, 59, 57, 51, 41, 24, 52, 65, 86, 84, 25, 48, 11, 23, 90, 87, 68, 2, 77, 54, 36, 94, 10, 15]
79376
57: [87, 96, 55, 63, 72, 65, 76, 84, 4, 94, 82, 3, 80, 24, 85, 89, 52, 30, 45, 44, 57, 23, 2, 41, 73, 27, 20, 22, 5, 18, 81, 36, 79, 43, 69, 99, 61, 47, 46, 71, 13, 58, 19, 26, 17, 32, 74, 16, 10, 70]
87582
58: [90, 69, 30, 0, 11, 43, 39, 2, 13, 25, 61, 52, 65, 18, 33, 89, 12, 62, 63, 20, 42, 44, 50, 94, 84, 54, 41, 35, 40, 47, 76, 59, 81, 93, 53, 16, 72, 85, 38, 70, 15, 6, 91, 73, 75, 57, 97, 37, 98, 64]
89307
59: [5, 65, 39, 52, 45, 19, 22, 23, 62, 34, 30, 1, 63, 31, 11, 0, 94, 81, 57, 83, 9, 77, 32, 67, 3, 75, 2, 27, 76, 18, 43, 12, 26, 33, 38, 53, 7, 79, 90, 44, 70, 24, 4, 68, 85, 6, 60, 74, 97, 72]
72639
60: [88, 0, 38, 82, 49, 72, 12, 41, 61, 33, 65, 85, 64, 53, 1, 8, 92, 6, 54, 71, 48, 62, 10, 37, 95, 70, 32, 13, 3, 93, 86, 4, 44, 87, 50, 35, 17, 28, 79, 77, 11, 31, 46, 36, 69, 26, 97, 68, 29, 63]
82080
61: [54, 4, 1, 70, 5, 34, 68, 41, 49, 45, 78, 91, 14, 71, 88, 7, 6, 99, 29, 75, 92, 64, 51, 50, 72, 56, 58, 76, 43, 27, 18, 83, 2, 39, 65, 22, 62, 55, 20, 47, 86, 8, 44, 30, 21, 89, 31, 57, 69, 28]
75419
62: [59, 48, 89, 92, 57, 6, 82, 68, 40, 33, 26, 50, 14, 46, 36, 93, 28, 44, 78, 11, 62, 83, 52, 80, 72, 5, 69, 30, 15, 7, 65, 60, 51, 19, 21, 66, 32, 9, 61, 18, 1, 23, 45, 2, 79, 8, 71, 87, 63, 84]
79786
63: [46, 36, 78, 75, 55, 15, 59, 99, 94, 13, 68, 91, 29, 72, 71, 90, 11, 82, 87, 25, 38, 37, 44, 79, 42, 52, 84, 54, 40, 93, 0, 43, 32, 88, 3, 2, 85, 6, 31, 66, 9, 76, 12, 14, 77, 81, 30, 21, 86, 18]
95010
64: [50, 66, 69, 82, 91, 68, 38, 5, 86, 90, 3, 17, 56, 63, 8, 75, 64, 48, 6, 28, 47, 83, 93, 62, 2, 43, 95, 23, 70, 78, 94, 27, 16, 13, 42, 31, 7, 85, 55, 87, 40, 58, 92, 33, 19, 32, 22, 9, 88, 18]
90626
65: [29, 70, 26, 39, 94, 98, 21, 37, 16, 55, 72, 49, 40, 15, 30, 46, 61, 68, 34, 91, 63, 17, 22, 47, 7, 92, 20, 33, 81, 53, 4, 86, 99, 69, 44, 12, 65, 2, 64, 83, 13, 19, 6, 9, 77, 88, 52, 28, 56, 24]
88868
66: [90, 78, 5, 0, 4, 6, 20, 48, 33, 70, 39, 43, 27, 63, 12, 57, 74, 53, 58, 59, 62, 22, 3, 69, 7, 24, 73, 71, 50, 41, 35, 68, 79, 15, 56, 54, 66, 75, 87, 40, 88, 60, 21, 23, 94, 86, 76, 97, 98, 14]
76479
67: [39, 66, 54, 70, 3, 83, 11, 32, 12, 26, 61, 7, 78, 31, 41, 34, 13, 43, 87, 46, 45, 64, 23, 36, 4, 59, 90, 5, 21, 79, 38, 71, 30, 51, 6, 1, 67, 80, 69, 63, 68, 57, 60, 9, 94, 24, 50, 84, 22, 77]
76786
68: [97, 93, 30, 71, 6, 36, 84, 66, 23, 98, 50, 2, 48, 95, 85, 7, 58, 75, 61, 44, 3, 17, 60, 88, 90, 5, 72, 86, 41, 74, 24, 92, 99, 38, 62, 91, 70, 87, 51, 64, 76, 57, 18, 12, 37, 39, 4, 11, 83, 55]
90631
69: [46, 66, 13, 57, 23, 30, 59, 6, 78, 97, 75, 81, 44, 27, 7, 93, 60, 56, 62, 52, 99, 42, 28, 67, 19, 69, 68, 76, 45, 35, 40, 43, 5, 38, 91, 96, 0, 79, 92, 89, 21, 12, 31, 53, 58, 14, 82, 72, 17, 80]
82752
70: [79, 42, 29, 71, 41, 68, 38, 37, 36, 69, 47, 10, 45, 92, 28, 46, 77, 11, 54, 14, 88, 53, 48, 51, 83, 20, 34, 8, 44, 65, 58, 25, 61, 60, 39, 70, 40, 63, 72, 86, 56, 75, 64, 13, 76, 21, 93, 95, 82, 81]
92170
71: [8, 88, 59, 77, 99, 80, 16, 23, 38, 68, 90, 55, 29, 83, 27, 6, 69, 13, 0, 44, 76, 81, 14, 42, 92, 52, 37, 26, 63, 94, 60, 18, 85, 19, 50, 33, 11, 89, 70, 34, 86, 1, 12, 47, 87, 39, 5, 78, 51, 98]
88524
72: [9, 13, 46, 71, 34, 16, 60, 37, 39, 90, 63, 31, 58, 91, 49, 24, 42, 6, 44, 40, 0, 38, 99, 97, 25, 67, 26, 89, 14, 33, 80, 96, 54, 78, 81, 47, 36, 85, 59, 68, 19, 8, 61, 77, 3, 15, 56, 62, 50, 52]
81784
73: [48, 14, 82, 2, 25, 75, 50, 39, 68, 18, 5, 61, 22, 35, 12, 98, 28, 71, 55, 80, 95, 53, 83, 70, 72, 64, 85, 19, 16, 43, 11, 93, 20, 24, 56, 37, 38, 87, 66, 15, 7, 33, 13, 86, 6, 90, 96, 21, 74, 51]
90646
74: [74, 98, 93, 71, 96, 18, 80, 52, 44, 62, 47, 23, 59, 50, 33, 51, 7, 54, 9, 22, 4, 83, 41, 99, 84, 97, 58, 87, 63, 94, 95, 0, 88, 10, 15, 68, 36, 66, 92, 38, 34, 29, 8, 67, 30, 13, 31, 21, 5, 69]
79008
75: [71, 63, 14, 30, 73, 66, 60, 49, 72, 83, 39, 88, 35, 65, 92, 55, 31, 25, 37, 78, 47, 16, 51, 13, 18, 48, 91, 4, 21, 46, 58, 10, 22, 45, 40, 36, 87, 82, 12, 56, 19, 1, 23, 57, 75, 94, 29, 44, 54, 96]
81770
76: [62, 99, 58, 0, 21, 73, 38, 46, 63, 27, 54, 55, 7, 74, 95, 93, 71, 56, 34, 65, 16, 79, 94, 25, 4, 24, 15, 10, 11, 80, 14, 57, 45, 59, 51, 3, 13, 87, 28, 48, 23, 1, 42, 53, 35, 70, 12, 5, 41, 26]
101834
77: [0, 92, 90, 57, 87, 52, 71, 84, 26, 33, 58, 20, 40, 65, 18, 63, 80, 5, 31, 73, 35, 96, 98, 89, 97, 44, 93, 6, 50, 67, 19, 83, 42, 30, 4, 62, 12, 99, 70, 49, 64, 41, 75, 16, 55, 56, 32, 15, 45, 77]
81131
78: [71, 61, 46, 79, 80, 58, 95, 74, 13, 66, 18, 69, 34, 85, 72, 41, 77, 6, 14, 75, 25, 21, 37, 8, 97, 38, 76, 5, 82, 52, 92, 88, 90, 44, 94, 2, 9, 53, 70, 55, 33, 22, 57, 29, 12, 24, 3, 23, 60, 10]
87341
79: [81, 0, 73, 48, 26, 75, 21, 32, 89, 5, 60, 53, 38, 72, 27, 77, 90, 14, 98, 68, 15, 70, 44, 18, 86, 7, 50, 28, 20, 30, 94, 54, 36, 62, 9, 92, 56, 31, 12, 29, 67, 97, 59, 49, 39, 82, 22, 83, 8, 85]
82197
80: [26, 40, 56, 43, 73, 10, 98, 4, 0, 1, 25, 88, 97, 61, 92, 93, 12, 47, 46, 14, 76, 62, 79, 50, 91, 96, 27, 52, 42, 8, 16, 15, 70, 51, 44, 64, 57, 37, 45, 82, 28, 78, 81, 89, 90, 13, 58, 22, 54, 80]
84682
81: [97, 84, 4, 46, 82, 86, 79, 5, 94, 81, 18, 14, 95, 87, 29, 27, 2, 76, 90, 35, 72, 34, 77, 89, 70, 41, 61, 7, 49, 45, 48, 36, 80, 83, 28, 75, 6, 67, 78, 31, 88, 50, 1, 44, 25, 3, 65, 33, 64, 15]
92179
82: [37, 13, 75, 60, 38, 19, 99, 86, 3, 94, 31, 40, 92, 69, 87, 63, 39, 18, 48, 35, 50, 47, 20, 66, 27, 68, 74, 36, 67, 73, 17, 29, 6, 53, 30, 7, 5, 90, 57, 59, 28, 93, 85, 34, 62, 88, 55, 14, 52, 78]
75452
83: [41, 37, 89, 29, 1, 8, 84, 95, 82, 99, 86, 0, 75, 42, 12, 45, 4, 27, 55, 98, 25, 88, 3, 6, 20, 48, 39, 32, 68, 97, 10, 16, 74, 15, 76, 26, 17, 77, 18, 5, 19, 11, 54, 78, 83, 14, 67, 81, 21, 92]
72506
84: [27, 95, 28, 97, 53, 41, 79, 90, 71, 5, 54, 14, 20, 84, 85, 92, 76, 2, 21, 22, 13, 11, 36, 89, 59, 80, 3, 44, 86, 25, 65, 88, 63, 94, 91, 58, 78, 23, 16, 33, 45, 64, 38, 35, 30, 0, 99, 40, 7, 19]
77992
85: [70, 97, 16, 55, 91, 30, 20, 19, 98, 69, 56, 45, 1, 62, 77, 13, 47, 10, 23, 6, 73, 93, 14, 82, 38, 79, 41, 17, 34, 58, 12, 71, 36, 72, 48, 25, 27, 50, 74, 46, 52, 51, 37, 67, 78, 2, 43, 49, 57, 5]
87708
86: [20, 94, 93, 73, 51, 15, 14, 95, 27, 63, 6, 0, 43, 85, 22, 72, 2, 68, 21, 4, 44, 36, 74, 55, 64, 78, 47, 76, 39, 29, 7, 77, 61, 45, 79, 66, 31, 30, 50, 86, 9, 83, 80, 87, 13, 88, 46, 24, 90, 32]
95770
87: [74, 26, 52, 56, 31, 6, 58, 28, 91, 98, 27, 69, 51, 23, 72, 93, 90, 55, 39, 5, 40, 81, 82, 42, 11, 88, 64, 92, 38, 57, 85, 20, 68, 8, 99, 3, 25, 21, 36, 95, 70, 97, 17, 14, 4, 61, 30, 96, 49, 1]
90298
88: [1, 68, 70, 88, 59, 87, 19, 86, 79, 41, 80, 23, 49, 15, 63, 45, 58, 99, 24, 89, 57, 73, 34, 20, 31, 43, 12, 51, 94, 52, 38, 74, 33, 8, 2, 84, 55, 28, 32, 44, 81, 7, 61, 69, 40, 13, 53, 11, 82, 85]
89875
89: [21, 17, 19, 46, 90, 70, 44, 35, 81, 88, 98, 18, 20, 14, 43, 53, 77, 36, 25, 64, 85, 66, 68, 7, 75, 59, 41, 76, 79, 71, 84, 12, 52, 99, 60, 73, 54, 33, 38, 13, 42, 5, 69, 50, 4, 92, 63, 48, 8, 67]
82591
90: [94, 9, 27, 31, 29, 72, 60, 51, 99, 87, 61, 98, 2, 68, 6, 81, 42, 95, 54, 77, 35, 55, 76, 41, 25, 26, 34, 48, 43, 57, 44, 50, 15, 67, 70, 14, 63, 56, 10, 49, 22, 45, 85, 78, 12, 16, 86, 18, 79, 36]
88106
91: [41, 47, 16, 79, 46, 14, 95, 97, 54, 20, 73, 49, 80, 50, 37, 63, 15, 3, 11, 39, 22, 78, 53, 90, 42, 66, 67, 71, 77, 38, 2, 86, 45, 64, 21, 52, 12, 60, 62, 27, 99, 58, 10, 55, 75, 85, 33, 81, 92, 83]
83514
92: [59, 51, 79, 3, 27, 26, 9, 96, 1, 63, 7, 19, 62, 61, 57, 31, 68, 12, 42, 21, 20, 47, 80, 15, 36, 73, 28, 34, 64, 4, 17, 60, 76, 72, 53, 74, 46, 25, 49, 18, 38, 32, 93, 81, 84, 85, 91, 39, 99, 92]
93727
93: [84, 86, 78, 20, 23, 43, 53, 55, 24, 98, 16, 10, 49, 3, 12, 19, 14, 74, 13, 1, 8, 60, 26, 77, 97, 73, 64, 83, 94, 2, 59, 92, 22, 39, 93, 79, 4, 27, 69, 32, 63, 34, 95, 40, 15, 71, 67, 54, 38, 82]
82701
94: [87, 94, 67, 46, 51, 86, 14, 82, 68, 99, 6, 34, 15, 90, 26, 20, 72, 73, 76, 30, 92, 65, 77, 60, 54, 29, 5, 16, 55, 64, 50, 40, 44, 91, 81, 61, 88, 70, 1, 97, 96, 38, 36, 11, 52, 78, 7, 28, 63, 33]
86485
95: [95, 82, 44, 20, 4, 21, 77, 29, 66, 31, 57, 1, 27, 49, 22, 61, 13, 33, 30, 96, 69, 18, 75, 76, 90, 63, 86, 5, 54, 6, 58, 92, 74, 60, 10, 98, 56, 39, 91, 34, 28, 19, 72, 67, 17, 68, 38, 48, 64, 14]
75890
96: [61, 93, 78, 82, 53, 75, 34, 56, 67, 26, 89, 52, 87, 42, 18, 63, 85, 43, 19, 28, 40, 0, 49, 64, 39, 4, 1, 81, 71, 20, 17, 25, 74, 27, 86, 98, 73, 96, 41, 6, 15, 47, 66, 83, 9, 21, 48, 60, 38, 99]
74356
97: [3, 22, 65, 50, 17, 71, 15, 27, 26, 90, 51, 91, 37, 4, 42, 59, 68, 73, 95, 23, 28, 67, 18, 9, 33, 2, 24, 55, 56, 87, 93, 92, 45, 6, 19, 94, 11, 32, 47, 62, 81, 8, 1, 63, 61, 60, 54, 16, 49, 99]
86053
98: [83, 17, 46, 55, 14, 8, 38, 91, 81, 89, 66, 26, 18, 44, 2, 84, 40, 59, 33, 92, 99, 64, 5, 96, 74, 19, 32, 95, 70, 72, 51, 52, 10, 23, 62, 27, 42, 94, 1, 6, 47, 39, 37, 45, 28, 29, 48, 73, 79, 80]
76270
99: [65, 71, 18, 80, 92, 54, 81, 9, 13, 47, 66, 67, 30, 77, 5, 15, 48, 70, 85, 20, 84, 32, 37, 91, 41, 38, 99, 0, 58, 87, 6, 28, 72, 2, 78, 34, 17, 45, 12, 40, 25, 73, 26, 49, 97, 19, 89, 51, 3, 4]
96622
