0: [48, 62, 50, 40, 92, 5, 45, 72, 64, 15, 35, 32, 79, 98, 16, 14, 3, 18, 54, 81, 57, 63, 71, 59, 75, 46, 83, 70, 91, 17, 96, 84, 90, 23, 67, 13, 66, 34, 11, 2, 56, 55, 99, 61, 9, 29, 52, 95, 36, 37]
79554
1: [77, 8, 13, 58, 86, 32, 16, 10, 35, 87, 57, 39, 40, 65, 4, 92, 60, 98, 91, 50, 21, 48, 67, 83, 90, 36, 47, 97, 85, 53, 68, 84, 96, 64, 5, 30, 95, 82, 71, 12, 22, 42, 49, 79, 88, 37, 61, 78, 70, 26]
82923
2: [91, 33, 90, 34, 89, 53, 36, 61, 49, 73, 71, 13, 29, 66, 17, 88, 8, 3, 19, 58, 41, 11, 63, 47, 22, 92, 75, 78, 5, 84, 6, 57, 85, 10, 79, 65, 54, 80, 35, 59, 37, 20, 70, 52, 25, 68, 95, 27, 87, 60]
80776
3: [77, 38, 79, 84, 10, 24, 45, 70, 52, 40, 30, 5, 41, 97, 96, 62, 54, 49, 32, 83, 39, 64, 3, 60, 73, 27, 72, 56, 50, 22, 20, 59, 93, 98, 0, 11, 74, 55, 66, 31, 35, 81, 46, 17, 95, 51, 80, 6, 89, 12]
68476
4: [60, 86, 9, 52, 42, 16, 58, 8, 53, 72, 97, 3, 57, 21, 4, 74, 75, 50, 71, 33, 27, 26, 77, 38, 93, 47, 13, 61, 62, 90, 20, 36, 96, 39, 19, 1, 48, 15, 10, 63, 89, 22, 35, 24, 32, 70, 23, 6, 65, 99]
93023
5: [18, 89, 99, 82, 84, 59, 6, 46, 42, 77, 16, 3, 78, 92, 61, 14, 33, 63, 91, 38, 30, 95, 79, 68, 13, 83, 20, 29, 24, 2, 45, 85, 37, 93, 90, 51, 23, 27, 74, 67, 0, 56, 76, 1, 41, 48, 40, 28, 5, 31]
82825
6: [3, 45, 68, 62, 29, 93, 42, 18, 41, 20, 57, 84, 71, 11, 19, 80, 22, 94, 78, 79, 54, 91, 39, 5, 89, 88, 99, 98, 56, 25, 60, 95, 24, 48, 82, 58, 72, 38, 14, 33, 85, 65, 61, 46, 47, 86, 26, 31, 97, 77]
81981
7: [59, 16, 77, 89, 57, 56, 41, 81, 69, 18, 93, 12, 10, 92, 39, 66, 90, 7, 37, 33, 70, 43, 67, 86, 0, 36, 72, 9, 34, 26, 53, 60, 28, 19, 71, 17, 97, 55, 30, 49, 84, 62, 50, 20, 46, 13, 65, 15, 11, 73]
78079
8: [22, 43, 0, 74, 47, 31, 50, 94, 56, 3, 80, 8, 84, 73, 11, 41, 26, 19, 21, 70, 16, 34, 42, 62, 7, 40, 98, 99, 45, 79, 61, 59, 64, 51, 33, 4, 6, 9, 72, 25, 15, 5, 67, 76, 97, 91, 20, 95, 32, 23]
94073
9: [85, 67, 95, 48, 18, 13, 53, 26, 7, 11, 6, 29, 1, 97, 51, 54, 0, 4, 57, 38, 46, 73, 3, 14, 23, 86, 50, 77, 42, 45, 20, 17, 10, 37, 5, 59, 93, 69, 62, 71, 49, 60, 36, 16, 56, 30, 8, 41, 66, 83]
82061
10: [75, 43, 60, 95, 38, 12, 96, 35, 82, 97, 73, 87, 67, 15, 99, 78, 46, 70, 47, 16, 86, 55, 5, 2, 33, 54, 4, 18, 64, 88, 52, 50, 24, 23, 10, 71, 25, 28, 49, 7, 29, 14, 58, 34, 32, 1, 39, 9, 48, 57]
102724
11: [7, 63, 22, 29, 67, 55, 12, 99, 25, 48, 76, 13, 27, 42, 38, 93, 0, 91, 94, 87, 58, 79, 18, 81, 77, 41, 80, 95, 92, 6, 82, 89, 44, 26, 53, 11, 31, 64, 72, 33, 20, 23, 32, 50, 14, 39, 98, 65, 59, 36]
84954
12: [62, 37, 40, 69, 70, 0, 64, 20, 60, 87, 54, 31, 10, 2, 61, 6, 72, 39, 92, 22, 58, 74, 93, 80, 38, 50, 11, 82, 56, 48, 79, 43, 17, 34, 28, 26, 16, 88, 7, 81, 95, 73, 33, 44, 57, 53, 78, 51, 18, 83]
80228
13: [58, 29, 22, 16, 98, 37, 66, 99, 82, 14, 17, 57, 9, 72, 30, 28, 56, 88, 27, 0, 45, 13, 64, 68, 86, 87, 40, 77, 85, 6, 50, 73, 48, 54, 78, 79, 69, 94, 39, 25, 63, 71, 95, 19, 62, 60, 41, 49, 51, 53]
77085
14: [64, 37, 84, 6, 92, 51, 48, 26, 8, 5, 54, 2, 21, 82, 80, 72, 27, 98, 91, 74, 81, 85, 71, 23, 14, 28, 94, 46, 15, 41, 35, 56, 89, 63, 93, 9, 13, 53, 86, 97, 42, 60, 87, 18, 10, 59, 61, 24, 68, 38]
79687
15: [45, 40, 54, 29, 37, 58, 72, 44, 76, 15, 19, 22, 61, 57, 63, 9, 14, 71, 98, 67, 16, 20, 48, 52, 86, 6, 12, 56, 25, 17, 85, 7, 35, 83, 3, 87, 90, 66, 88, 73, 51, 39, 42, 78, 8, 36, 80, 68, 41, 0]
82622
16: [83, 51, 4, 61, 96, 26, 90, 55, 54, 39, 29, 23, 72, 70, 87, 19, 86, 1, 91, 15, 28, 5, 18, 85, 6, 80, 36, 71, 98, 67, 75, 7, 31, 16, 46, 2, 66, 56, 50, 13, 84, 73, 9, 37, 40, 57, 65, 44, 74, 53]
77861
17: [8, 20, 66, 23, 74, 67, 52, 63, 30, 22, 31, 92, 49, 94, 84, 0, 91, 79, 78, 10, 17, 39, 80, 46, 95, 19, 37, 24, 33, 99, 13, 73, 62, 53, 15, 50, 64, 16, 57, 41, 40, 14, 75, 1, 83, 26, 11, 69, 81, 71]
80615
18: [79, 10, 29, 36, 35, 18, 61, 72, 40, 90, 99, 66, 30, 1, 32, 19, 98, 55, 42, 91, 20, 80, 70, 48, 94, 3, 87, 71, 15, 81, 21, 59, 46, 43, 57, 84, 17, 0, 13, 77, 11, 97, 53, 33, 47, 51, 4, 7, 27, 93]
83051
19: [77, 55, 1, 26, 89, 37, 83, 50, 98, 72, 84, 9, 52, 46, 48, 81, 25, 21, 22, 39, 86, 29, 2, 4, 88, 87, 45, 11, 38, 23, 53, 82, 8, 35, 28, 54, 20, 97, 67, 78, 79, 44, 10, 92, 19, 99, 41, 30, 14, 57]
77362
20: [28, 69, 17, 93, 62, 49, 74, 18, 68, 2, 52, 45, 81, 50, 60, 6, 15, 90, 99, 21, 30, 27, 73, 67, 44, 82, 9, 26, 64, 78, 95, 20, 38, 84, 46, 65, 25, 92, 88, 40, 55, 24, 58, 57, 4, 77, 0, 86, 91, 19]
92118
21: [23, 51, 29, 91, 61, 73, 27, 49, 66, 58, 74, 72, 32, 81, 88, 3, 55, 38, 36, 19, 7, 69, 89, 97, 34, 78, 67, 13, 28, 79, 99, 87, 92, 24, 37, 60, 21, 68, 40, 18, 2, 30, 94, 93, 25, 48, 47, 76, 56, 26]
82053
22: [36, 13, 51, 96, 26, 62, 46, 14, 9, 39, 85, 81, 64, 53, 97, 65, 49, 24, 92, 38, 54, 18, 60, 73, 32, 42, 29, 21, 77, 52, 56, 87, 99, 34, 82, 0, 27, 17, 25, 4, 98, 67, 2, 63, 35, 28, 5, 37, 59, 43]
85595
23: [58, 32, 50, 42, 93, 7, 52, 48, 43, 21, 6, 51, 13, 31, 96, 4, 73, 49, 80, 16, 8, 0, 46, 24, 97, 19, 40, 87, 99, 55, 12, 44, 63, 72, 29, 79, 10, 65, 11, 71, 1, 17, 9, 26, 20, 85, 64, 56, 86, 88]
67590
24: [54, 7, 1, 83, 33, 29, 8, 87, 63, 52, 81, 10, 24, 17, 41, 2, 43, 60, 65, 98, 46, 35, 56, 5, 51, 79, 77, 69, 96, 21, 75, 94, 50, 44, 89, 82, 71, 15, 84, 31, 42, 23, 55, 64, 36, 74, 61, 86, 72, 85]
92242
25: [10, 91, 44, 17, 54, 37, 31, 41, 38, 99, 18, 34, 12, 24, 64, 58, 39, 7, 61, 20, 33, 50, 13, 14, 40, 85, 35, 83, 93, 11, 55, 88, 68, 56, 98, 70, 87, 94, 2, 1, 43, 73, 66, 90, 47, 59, 65, 96, 97, 19]
81963
26: [55, 50, 85, 20, 86, 90, 21, 64, 75, 52, 40, 63, 98, 41, 13, 71, 54, 97, 42, 29, 99, 96, 27, 16, 76, 84, 69, 39, 60, 22, 77, 51, 53, 18, 11, 43, 74, 5, 87, 9, 58, 92, 44, 26, 78, 1, 17, 36, 4, 24]
88335
27: [50, 18, 33, 40, 78, 67, 31, 38, 35, 82, 69, 0, 25, 71, 9, 56, 75, 45, 96, 84, 91, 16, 12, 66, 4, 74, 68, 32, 87, 99, 80, 6, 2, 28, 49, 79, 92, 19, 53, 97, 7, 36, 39, 26, 59, 54, 46, 13, 47, 57]
73210
28: [32, 77, 73, 42, 34, 31, 1, 15, 3, 17, 23, 92, 97, 89, 38, 20, 10, 35, 4, 46, 16, 81, 2, 63, 66, 59, 54, 39, 86, 75, 82, 14, 47, 58, 53, 48, 37, 76, 85, 98, 19, 88, 60, 79, 45, 70, 65, 25, 93, 33]
77254
29: [7, 69, 28, 76, 35, 73, 15, 19, 11, 80, 24, 52, 39, 40, 33, 31, 66, 27, 22, 48, 77, 86, 20, 47, 1, 41, 34, 9, 44, 13, 38, 21, 46, 23, 0, 71, 59, 63, 74, 43, 5, 26, 29, 79, 37, 72, 3, 89, 92, 70]
80320
30: [91, 2, 67, 75, 33, 90, 62, 38, 47, 59, 42, 71, 36, 68, 58, 56, 79, 25, 55, 19, 20, 65, 41, 14, 84, 43, 51, 3, 39, 40, 29, 53, 88, 74, 97, 95, 92, 96, 93, 69, 23, 76, 10, 18, 49, 48, 83, 72, 37, 81]
88518
31: [33, 59, 19, 46, 74, 45, 0, 47, 3, 57, 94, 42, 22, 71, 10, 35, 76, 17, 95, 44, 13, 86, 16, 98, 30, 58, 41, 1, 9, 4, 23, 7, 11, 29, 87, 84, 81, 32, 70, 21, 62, 83, 5, 27, 64, 92, 96, 36, 34, 79]
77185
32: [31, 38, 97, 61, 55, 56, 13, 44, 29, 1, 26, 98, 75, 43, 17, 8, 96, 91, 60, 30, 84, 71, 23, 0, 92, 34, 66, 80, 99, 59, 88, 18, 94, 83, 48, 74, 49, 81, 72, 95, 37, 46, 12, 85, 32, 52, 58, 5, 64, 51]
90237
33: [86, 72, 40, 36, 97, 64, 23, 68, 66, 53, 42, 91, 41, 70, 47, 87, 98, 37, 7, 51, 27, 24, 49, 15, 3, 65, 93, 5, 46, 45, 50, 77, 62, 83, 67, 8, 94, 58, 21, 95, 33, 69, 90, 0, 80, 96, 59, 88, 54, 85]
75867
34: [37, 22, 69, 40, 17, 94, 0, 66, 36, 45, 8, 18, 28, 27, 81, 50, 24, 54, 44, 48, 19, 3, 85, 49, 53, 91, 52, 42, 78, 38, 83, 71, 10, 77, 25, 23, 84, 21, 55, 76, 47, 79, 80, 33, 31, 99, 59, 4, 97, 39]
88566
35: [14, 6, 30, 53, 80, 96, 52, 78, 99, 10, 19, 21, 75, 25, 66, 15, 95, 82, 43, 92, 20, 70, 49, 51, 87, 61, 90, 12, 11, 48, 23, 81, 54, 74, 59, 36, 45, 94, 8, 4, 1, 16, 72, 71, 39, 79, 55, 22, 5, 67]
79847
36: [57, 3, 96, 81, 33, 69, 24, 11, 54, 68, 65, 18, 43, 94, 98, 44, 27, 15, 56, 20, 22, 97, 67, 28, 70, 87, 41, 45, 26, 83, 23, 72, 85, 2, 48, 13, 99, 14, 9, 59, 10, 61, 37, 47, 1, 91, 76, 39, 78, 63]
86255
37: [8, 90, 79, 66, 3, 83, 63, 44, 20, 43, 62, 24, 34, 51, 50, 82, 54, 57, 16, 31, 26, 67, 14, 12, 1, 28, 37, 95, 93, 32, 52, 56, 92, 2, 49, 73, 99, 33, 5, 77, 86, 15, 4, 75, 41, 10, 25, 18, 53, 11]
85510
38: [7, 25, 46, 2, 14, 18, 5, 98, 12, 82, 47, 80, 37, 20, 91, 73, 53, 42, 75, 40, 92, 94, 64, 38, 16, 89, 54, 97, 13, 36, 3, 88, 63, 50, 8, 58, 45, 99, 81, 70, 68, 0, 29, 83, 32, 69, 61, 43, 34, 65]
89252
39: [4, 25, 61, 44, 62, 71, 18, 58, 90, 84, 30, 57, 22, 76, 82, 7, 88, 49, 38, 29, 3, 28, 96, 77, 51, 45, 59, 67, 70, 89, 41, 32, 34, 0, 43, 74, 24, 86, 16, 10, 87, 48, 91, 35, 40, 98, 9, 27, 5, 79]
82716
40: [84, 72, 78, 39, 27, 19, 5, 26, 48, 66, 41, 40, 52, 59, 79, 32, 0, 15, 20, 9, 89, 57, 71, 76, 2, 99, 90, 25, 64, 3, 13, 49, 17, 42, 29, 82, 37, 61, 31, 80, 91, 8, 87, 23, 86, 69, 96, 93, 45, 22]
78603
41: [31, 87, 10, 8, 92, 69, 52, 12, 83, 45, 39, 59, 14, 85, 73, 26, 72, 63, 78, 35, 57, 27, 30, 65, 15, 99, 19, 47, 38, 23, 9, 90, 80, 28, 88, 98, 81, 17, 71, 48, 97, 95, 94, 44, 0, 58, 76, 29, 40, 34]
98480
42: [15, 59, 48, 30, 63, 12, 6, 24, 97, 65, 74, 86, 67, 93, 32, 57, 39, 70, 56, 61, 18, 98, 79, 88, 66, 69, 38, 94, 43, 26, 16, 55, 21, 85, 7, 19, 45, 3, 50, 10, 34, 91, 5, 54, 25, 40, 73, 52, 41, 0]
89643
43: [83, 23, 68, 11, 1, 22, 7, 88, 65, 51, 49, 89, 13, 25, 53, 70, 74, 97, 71, 66, 99, 98, 33, 41, 91, 17, 59, 94, 48, 42, 84, 5, 92, 38, 36, 10, 50, 75, 72, 2, 58, 32, 90, 73, 14, 9, 16, 76, 0, 46]
84563
44: [44, 79, 12, 77, 55, 23, 68, 19, 14, 62, 87, 64, 22, 84, 58, 10, 89, 74, 6, 37, 11, 85, 35, 92, 53, 67, 97, 2, 8, 5, 1, 31, 90, 0, 16, 60, 71, 21, 17, 45, 29, 38, 59, 18, 83, 73, 76, 28, 4, 30]
77291
45: [76, 55, 47, 87, 12, 21, 56, 70, 98, 20, 37, 41, 59, 62, 18, 6, 52, 66, 67, 48, 1, 44, 45, 91, 90, 68, 80, 71, 75, 84, 53, 51, 13, 81, 22, 29, 3, 64, 11, 86, 94, 82, 96, 99, 57, 49, 7, 2, 92, 10]
73187
46: [83, 12, 4, 7, 99, 28, 58, 84, 52, 34, 46, 41, 1, 38, 89, 92, 48, 8, 47, 66, 73, 98, 69, 13, 72, 31, 95, 26, 76, 70, 25, 91, 5, 43, 67, 82, 6, 81, 85, 3, 68, 64, 94, 10, 15, 56, 45, 32, 55, 37]
91215
47: [45, 19, 96, 6, 11, 5, 30, 53, 46, 58, 93, 20, 1, 85, 51, 95, 21, 23, 10, 67, 55, 56, 8, 33, 73, 60, 29, 80, 14, 90, 15, 92, 54, 35, 38, 84, 78, 3, 79, 50, 91, 40, 42, 36, 47, 48, 75, 24, 98, 83]
79139
48: [2, 22, 20, 84, 82, 64, 97, 89, 68, 90, 10, 71, 39, 35, 54, 25, 30, 58, 61, 32, 87, 45, 83, 65, 7, 63, 42, 81, 76, 11, 18, 96, 38, 21, 56, 1, 74, 93, 99, 46, 12, 44, 26, 48, 34, 77, 19, 51, 49, 85]
84890
49: [95, 97, 38, 51, 98, 52, 59, 40, 82, 46, 5, 43, 41, 35, 53, 14, 44, 50, 99, 21, 8, 45, 1, 91, 33, 49, 68, 66, 69, 37, 81, 17, 85, 57, 70, 7, 79, 54, 3, 87, 83, 58, 10, 71, 47, 67, 20, 25, 6, 18]
76221
50: [6, 82, 93, 80, 45, 85, 74, 41, 60, 46, 19, 58, 0, 62, 15, 4, 84, 22, 52, 31, 13, 83, 98, 66, 34, 17, 71, 91, 99, 88, 38, 65, 92, 24, 59, 12, 30, 78, 11, 25, 5, 9, 39, 16, 21, 8, 56, 72, 94, 64]
82667
51: [34, 63, 45, 35, 2, 92, 54, 97, 19, 98, 50, 27, 66, 41, 89, 40, 36, 22, 43, 60, 99, 73, 37, 75, 71, 81, 55, 28, 21, 30, 90, 76, 70, 94, 26, 38, 17, 91, 3, 69, 96, 4, 5, 67, 64, 77, 56, 29, 18, 57]
101868
52: [37, 3, 21, 54, 90, 34, 53, 43, 2, 60, 1, 77, 14, 96, 67, 80, 82, 24, 7, 17, 63, 40, 36, 33, 71, 81, 9, 46, 44, 51, 97, 91, 26, 23, 11, 58, 48, 85, 92, 95, 32, 83, 61, 8, 12, 27, 52, 69, 57, 84]
83671
53: [85, 79, 4, 39, 17, 48, 60, 66, 82, 83, 32, 76, 34, 12, 38, 44, 15, 64, 90, 46, 27, 40, 86, 77, 26, 51, 57, 6, 24, 37, 22, 45, 54, 59, 99, 41, 92, 80, 93, 81, 91, 36, 43, 20, 23, 8, 31, 67, 33, 1]
87354
54: [81, 84, 26, 37, 29, 28, 5, 95, 53, 89, 0, 79, 7, 24, 35, 60, 70, 6, 3, 50, 27, 69, 13, 36, 66, 67, 82, 11, 40, 21, 61, 45, 22, 97, 32, 39, 18, 19, 99, 54, 74, 87, 56, 77, 25, 49, 57, 55, 71, 12]
83657
55: [71, 33, 24, 18, 9, 51, 86, 54, 14, 28, 8, 65, 83, 5, 32, 10, 23, 20, 93, 4, 47, 50, 19, 38, 63, 78, 84, 25, 66, 68, 81, 88, 92, 21, 67, 0, 90, 27, 17, 29, 37, 56, 80, 76, 73, 97, 26, 11, 89, 3]
78149
56: [96, 8, 48, 14, 23, 86, 43, 39, 64, 2, 51, 50, 81, 21, 25, 72, 85, 5, 87, 66, 56, 49, 12, 30, 62, 16, 58, 61, 80, 17, 52, 91, 73, 11, 9, 67, 6, 95, 69, 38, 54, 40, 99, 31, 41, 89, 63, 46, 37, 18]
87327
57: [77, 22, 36, 79, 82, 53, 24, 8, 17, 34, 23, 41, 20, 38, 76, 66, 48, 63, 1, 84, 9, 74, 44, 67, 29, 15, 49, 75, 28, 5, 57, 99, 59, 10, 89, 6, 93, 64, 30, 11, 40, 62, 56, 70, 26, 97, 47, 65, 4, 33]
79050
58: [14, 56, 45, 60, 77, 3, 98, 4, 96, 42, 21, 61, 10, 53, 51, 57, 84, 52, 78, 79, 20, 86, 54, 49, 93, 55, 65, 87, 1, 6, 81, 95, 29, 16, 35, 23, 36, 26, 7, 28, 22, 38, 63, 5, 97, 64, 17, 46, 89, 80]
71398
59: [39, 33, 43, 24, 78, 53, 17, 56, 93, 59, 29, 72, 20, 98, 89, 91, 70, 3, 8, 48, 94, 73, 7, 47, 1, 52, 40, 58, 6, 51, 87, 31, 18, 74, 16, 82, 96, 5, 41, 2, 49, 64, 68, 26, 4, 76, 75, 55, 80, 45]
86960
60: [91, 5, 17, 66, 33, 87, 46, 84, 30, 76, 2, 63, 98, 6, 89, 80, 41, 90, 13, 10, 82, 81, 42, 62, 94, 93, 95, 59, 0, 43, 18, 23, 22, 44, 51, 97, 1, 14, 77, 37, 29, 52, 92, 85, 26, 54, 56, 72, 65, 88]
85113
61: [61, 87, 12, 16, 29, 73, 11, 41, 95, 79, 93, 52, 77, 66, 30, 90, 62, 2, 1, 67, 97, 40, 37, 65, 25, 86, 17, 14, 18, 96, 58, 99, 81, 5, 82, 15, 20, 56, 45, 53, 84, 55, 48, 13, 50, 33, 63, 27, 28, 94]
94191
62: [52, 74, 61, 1, 13, 30, 28, 80, 5, 88, 94, 8, 45, 0, 47, 46, 35, 22, 27, 51, 10, 4, 76, 82, 92, 2, 21, 66, 86, 54, 38, 41, 49, 91, 43, 56, 99, 64, 98, 9, 60, 57, 67, 20, 70, 81, 63, 11, 31, 19]
76943
63: [68, 0, 47, 54, 85, 46, 19, 82, 67, 63, 20, 29, 43, 22, 25, 84, 81, 87, 8, 40, 60, 69, 75, 93, 37, 34, 98, 72, 65, 53, 76, 18, 74, 56, 1, 78, 79, 80, 9, 32, 44, 27, 17, 3, 91, 97, 83, 51, 2, 66]
84674
64: [66, 47, 57, 39, 37, 35, 18, 44, 94, 54, 14, 78, 46, 6, 58, 30, 83, 63, 76, 11, 43, 20, 42, 98, 84, 70, 29, 77, 26, 28, 16, 2, 10, 88, 91, 4, 82, 61, 69, 31, 45, 49, 55, 23, 73, 56, 85, 65, 24, 90]
89678
65: [50, 80, 48, 44, 54, 3, 82, 73, 75, 4, 20, 33, 45, 7, 5, 37, 42, 11, 67, 91, 85, 76, 62, 79, 71, 77, 36, 90, 49, 86, 21, 56, 98, 65, 16, 83, 66, 26, 40, 93, 47, 15, 1, 24, 59, 30, 55, 14, 84, 23]
86828
66: [25, 84, 81, 65, 11, 40, 23, 60, 52, 67, 6, 3, 93, 63, 89, 78, 99, 43, 5, 69, 47, 35, 54, 74, 18, 30, 70, 36, 46, 80, 10, 4, 31, 33, 92, 39, 14, 19, 32, 50, 26, 68, 77, 8, 44, 45, 34, 82, 24, 75]
85480
67: [5, 75, 66, 84, 32, 89, 25, 31, 9, 20, 14, 51, 11, 85, 82, 58, 29, 78, 46, 24, 53, 50, 70, 63, 68, 64, 74, 67, 44, 93, 19, 8, 96, 42, 36, 16, 4, 71, 88, 62, 33, 80, 18, 98, 23, 61, 26, 35, 81, 3]
81595
68: [81, 90, 56, 96, 82, 58, 49, 53, 40, 60, 4, 51, 25, 86, 22, 43, 52, 15, 33, 29, 16, 99, 93, 61, 18, 1, 91, 9, 13, 2, 21, 12, 7, 87, 73, 0, 67, 6, 95, 32, 45, 48, 98, 17, 46, 20, 41, 34, 88, 63]
94732
69: [50, 64, 93, 71, 99, 20, 79, 96, 23, 30, 94, 38, 47, 41, 31, 5, 92, 46, 68, 53, 75, 0, 91, 32, 49, 51, 43, 2, 87, 27, 35, 65, 81, 3, 10, 24, 89, 80, 13, 34, 48, 16, 76, 1, 84, 33, 59, 78, 42, 70]
88647
70: [78, 72, 81, 87, 91, 68, 19, 84, 79, 49, 27, 8, 69, 12, 85, 1, 2, 21, 64, 47, 11, 53, 22, 97, 65, 54, 29, 32, 94, 15, 30, 17, 39, 38, 43, 41, 74, 58, 48, 45, 52, 37, 89, 83, 96, 14, 62, 20, 36, 46]
87737
71: [75, 45, 3, 52, 58, 97, 26, 79, 10, 55, 53, 86, 4, 93, 9, 23, 62, 1, 76, 46, 8, 90, 37, 65, 34, 92, 64, 27, 73, 24, 18, 57, 44, 28, 89, 21, 91, 29, 30, 83, 20, 99, 2, 96, 80, 6, 47, 88, 56, 41]
76968
72: [63, 62, 23, 45, 96, 77, 93, 16, 27, 57, 68, 12, 87, 2, 36, 53, 6, 76, 43, 72, 69, 44, 28, 42, 82, 90, 47, 9, 86, 91, 3, 19, 85, 26, 66, 97, 99, 38, 25, 75, 58, 55, 18, 32, 54, 40, 33, 0, 59, 70]
87980
73: [23, 37, 86, 68, 73, 47, 51, 58, 96, 3, 71, 43, 31, 21, 59, 22, 57, 48, 82, 11, 4, 95, 87, 14, 53, 64, 44, 75, 54, 97, 83, 17, 67, 27, 0, 38, 33, 5, 79, 63, 94, 6, 16, 15, 41, 42, 66, 90, 91, 19]
89943
74: [97, 82, 88, 9, 5, 28, 73, 98, 56, 70, 18, 37, 19, 79, 0, 29, 90, 51, 43, 24, 81, 83, 63, 59, 25, 64, 20, 36, 45, 38, 21, 50, 22, 34, 96, 48, 35, 84, 74, 94, 76, 89, 8, 93, 91, 2, 42, 80, 49, 1]
82868
75: [93, 92, 2, 68, 9, 81, 53, 50, 21, 96, 12, 32, 36, 4, 46, 13, 62, 65, 79, 16, 73, 34, 76, 60, 61, 11, 49, 35, 57, 19, 40, 1, 29, 86, 3, 37, 52, 6, 48, 24, 45, 30, 39, 67, 56, 51, 72, 10, 8, 59]
75964
76: [28, 22, 9, 36, 45, 66, 27, 85, 80, 81, 61, 34, 3, 2, 14, 65, 93, 41, 54, 46, 4, 79, 89, 99, 84, 25, 63, 0, 31, 58, 24, 87, 48, 5, 10, 26, 70, 97, 12, 50, 98, 60, 47, 71, 19, 7, 6, 32, 95, 38]
78525
77: [23, 21, 87, 69, 49, 74, 50, 97, 53, 13, 39, 22, 83, 17, 18, 31, 59, 52, 70, 98, 24, 28, 89, 36, 90, 72, 85, 79, 35, 94, 73, 88, 7, 27, 40, 26, 63, 68, 96, 42, 45, 81, 16, 77, 32, 80, 56, 93, 55, 15]
80508
78: [49, 28, 35, 16, 65, 45, 27, 48, 13, 12, 52, 85, 82, 78, 14, 38, 55, 86, 56, 44, 61, 24, 46, 47, 40, 67, 5, 7, 51, 25, 59, 1, 62, 87, 29, 4, 89, 99, 6, 68, 70, 3, 94, 42, 11, 30, 69, 76, 88, 97]
90567
79: [15, 1, 31, 7, 26, 70, 30, 69, 22, 82, 33, 53, 65, 55, 24, 66, 87, 34, 75, 84, 17, 3, 42, 59, 83, 99, 39, 14, 9, 13, 94, 29, 27, 74, 88, 44, 28, 35, 45, 89, 76, 46, 11, 41, 19, 32, 16, 60, 85, 93]
85246
80: [57, 24, 79, 9, 28, 84, 73, 44, 54, 52, 78, 16, 41, 89, 11, 75, 71, 13, 47, 83, 4, 23, 21, 99, 18, 60, 46, 31, 7, 30, 0, 85, 86, 65, 17, 49, 61, 35, 34, 88, 69, 80, 50, 20, 93, 55, 19, 6, 74, 94]
79122
81: [85, 23, 20, 45, 40, 15, 65, 93, 54, 5, 96, 82, 10, 73, 66, 9, 75, 51, 91, 55, 53, 6, 89, 79, 99, 92, 60, 31, 43, 95, 94, 38, 28, 30, 34, 83, 47, 14, 56, 50, 57, 81, 98, 35, 62, 84, 41, 37, 0, 48]
85599
82: [56, 7, 1, 66, 37, 93, 69, 49, 89, 36, 34, 88, 85, 32, 6, 47, 17, 20, 94, 64, 41, 3, 9, 53, 68, 39, 57, 33, 91, 46, 67, 96, 18, 0, 26, 13, 29, 54, 77, 24, 98, 75, 4, 72, 27, 52, 70, 83, 10, 81]
81603
83: [23, 27, 42, 72, 67, 58, 17, 88, 13, 57, 80, 97, 92, 32, 69, 0, 36, 70, 91, 40, 21, 49, 34, 31, 29, 90, 6, 95, 59, 35, 55, 94, 39, 62, 22, 10, 93, 84, 54, 56, 28, 52, 41, 99, 30, 83, 43, 81, 33, 79]
89146
84: [49, 70, 40, 81, 43, 38, 97, 36, 7, 93, 78, 98, 1, 87, 99, 52, 47, 3, 44, 76, 6, 77, 14, 5, 85, 20, 15, 95, 91, 82, 62, 67, 92, 57, 48, 46, 53, 54, 58, 34, 21, 68, 2, 83, 63, 84, 51, 22, 31, 33]
77648
85: [3, 37, 22, 53, 47, 87, 94, 82, 58, 13, 17, 16, 51, 39, 4, 61, 57, 68, 67, 25, 64, 75, 21, 40, 66, 35, 86, 31, 50, 54, 55, 81, 74, 2, 33, 70, 84, 1, 98, 83, 11, 80, 49, 79, 76, 89, 18, 52, 24, 12]
88854
86: [91, 10, 13, 7, 43, 98, 44, 19, 12, 24, 74, 88, 29, 25, 28, 97, 51, 85, 83, 76, 70, 93, 95, 73, 42, 53, 94, 5, 72, 96, 61, 8, 62, 67, 22, 52, 14, 15, 84, 63, 36, 39, 57, 71, 4, 45, 37, 6, 20, 82]
93041
87: [62, 80, 26, 91, 77, 49, 90, 71, 34, 0, 69, 74, 64, 94, 92, 70, 60, 9, 42, 36, 31, 82, 41, 28, 73, 43, 72, 96, 83, 99, 51, 27, 68, 84, 14, 11, 37, 88, 30, 15, 78, 98, 1, 56, 63, 48, 40, 87, 85, 53]
81945
88: [16, 51, 0, 28, 90, 1, 98, 49, 77, 40, 18, 35, 74, 47, 31, 39, 17, 85, 53, 66, 29, 36, 37, 48, 46, 7, 84, 67, 75, 32, 91, 4, 61, 24, 26, 86, 55, 59, 99, 5, 57, 92, 27, 38, 25, 50, 11, 88, 56, 94]
78927
89: [1, 82, 78, 57, 38, 59, 44, 47, 68, 14, 71, 19, 65, 37, 85, 5, 0, 97, 17, 25, 95, 96, 30, 94, 16, 89, 98, 31, 27, 36, 2, 80, 58, 20, 83, 39, 29, 42, 23, 73, 92, 4, 9, 50, 33, 91, 46, 64, 22, 72]
90709
90: [40, 17, 68, 0, 24, 51, 78, 56, 37, 94, 31, 22, 89, 61, 50, 54, 29, 30, 73, 99, 33, 15, 7, 79, 60, 62, 66, 76, 57, 20, 75, 93, 58, 71, 5, 13, 52, 1, 65, 72, 34, 42, 53, 41, 3, 82, 64, 28, 46, 86]
81252
91: [45, 79, 27, 55, 94, 39, 33, 37, 93, 47, 22, 24, 82, 68, 76, 67, 50, 90, 28, 0, 23, 95, 58, 64, 43, 54, 31, 46, 49, 3, 88, 86, 74, 65, 78, 17, 80, 34, 40, 6, 7, 63, 92, 30, 14, 57, 11, 51, 56, 21]
86893
92: [58, 48, 31, 82, 41, 0, 26, 35, 8, 20, 11, 74, 64, 25, 71, 14, 84, 72, 46, 80, 67, 9, 49, 68, 18, 93, 29, 34, 38, 6, 99, 70, 75, 88, 2, 40, 89, 66, 51, 15, 55, 32, 27, 42, 76, 94, 52, 30, 37, 13]
87230
93: [17, 14, 87, 80, 7, 84, 35, 95, 24, 69, 23, 19, 51, 88, 32, 77, 5, 48, 20, 83, 10, 22, 66, 42, 25, 63, 40, 94, 82, 93, 65, 49, 30, 54, 4, 11, 39, 81, 58, 16, 79, 29, 36, 75, 45, 64, 70, 73, 97, 31]
82314
94: [64, 25, 16, 81, 98, 60, 35, 27, 24, 51, 5, 83, 59, 21, 40, 22, 71, 43, 18, 38, 62, 52, 42, 30, 75, 55, 82, 87, 86, 53, 48, 65, 93, 90, 17, 31, 54, 9, 13, 76, 61, 12, 0, 77, 4, 7, 85, 96, 63, 91]
97825
95: [47, 96, 38, 93, 0, 21, 86, 7, 55, 64, 72, 28, 77, 27, 81, 41, 58, 98, 8, 35, 4, 18, 56, 42, 11, 16, 76, 31, 46, 54, 51, 23, 62, 20, 70, 69, 44, 71, 1, 75, 2, 57, 6, 48, 15, 25, 13, 36, 82, 30]
88041
96: [11, 75, 70, 98, 6, 96, 13, 86, 87, 59, 84, 56, 73, 28, 36, 39, 63, 4, 77, 10, 22, 26, 20, 12, 38, 19, 47, 58, 61, 50, 80, 79, 24, 40, 62, 78, 90, 49, 85, 23, 43, 88, 37, 18, 16, 52, 94, 71, 34, 44]
95788
97: [81, 25, 52, 47, 97, 4, 84, 76, 13, 48, 49, 18, 51, 62, 82, 79, 14, 7, 21, 11, 3, 60, 20, 54, 23, 5, 61, 33, 26, 34, 55, 77, 40, 95, 69, 75, 24, 8, 43, 94, 28, 38, 92, 19, 83, 53, 70, 32, 17, 90]
84972
98: [15, 28, 99, 92, 67, 89, 19, 17, 87, 88, 41, 43, 36, 75, 27, 85, 24, 66, 97, 48, 77, 71, 4, 74, 52, 35, 95, 6, 60, 13, 69, 0, 22, 96, 10, 5, 84, 91, 83, 44, 86, 64, 45, 50, 8, 53, 58, 81, 47, 9]
84749
99: [31, 11, 62, 96, 98, 32, 0, 35, 5, 67, 68, 78, 48, 76, 52, 15, 29, 54, 24, 39, 19, 22, 53, 25, 28, 56, 72, 2, 27, 43, 37, 86, 58, 87, 30, 99, 45, 59, 40, 95, 84, 83, 71, 55, 88, 64, 47, 85, 20, 80]
87340