0: [42, 83, 43, 40, 15, 46, 85, 45, 4, 41, 6, 36, 90, 2, 8, 30, 57, 33, 21, 16, 79, 29, 71, 50, 44, 58, 94, 28, 59, 14, 48, 37, 74, 39, 65, 73, 88, 9, 55, 99, 34, 67, 7, 96, 23, 35, 64, 70, 1, 62]
64490
1: [90, 19, 47, 21, 92, 91, 41, 18, 34, 43, 55, 97, 44, 61, 50, 11, 83, 57, 65, 27, 24, 29, 9, 62, 49, 10, 7, 87, 6, 74, 14, 15, 38, 75, 17, 54, 67, 30, 64, 45, 13, 35, 79, 52, 20, 73, 95, 48, 58, 12]
97822
2: [65, 60, 75, 26, 5, 17, 68, 92, 7, 97, 61, 51, 83, 71, 15, 77, 80, 67, 31, 85, 54, 91, 33, 81, 55, 94, 64, 58, 36, 49, 21, 39, 3, 99, 50, 18, 63, 23, 74, 46, 9, 42, 90, 84, 12, 70, 34, 40, 10, 38]
80206
3: [43, 73, 56, 59, 33, 52, 51, 68, 11, 36, 1, 23, 0, 61, 7, 17, 85, 2, 63, 12, 84, 49, 83, 77, 27, 55, 46, 99, 86, 91, 44, 67, 54, 70, 60, 97, 10, 95, 90, 74, 45, 41, 98, 81, 76, 31, 4, 80, 6, 39]
88115
4: [17, 70, 42, 81, 89, 75, 59, 16, 36, 55, 71, 28, 8, 43, 25, 10, 41, 91, 96, 40, 68, 52, 7, 90, 31, 22, 78, 3, 45, 14, 61, 15, 85, 18, 0, 51, 13, 88, 62, 67, 26, 11, 66, 84, 33, 95, 35, 99, 34, 77]
88624
5: [99, 48, 86, 60, 68, 80, 74, 50, 29, 79, 94, 83, 51, 24, 4, 59, 90, 49, 67, 75, 22, 33, 89, 93, 12, 35, 66, 25, 84, 41, 16, 8, 45, 39, 81, 61, 95, 18, 77, 21, 97, 65, 9, 71, 52, 76, 72, 78, 36, 37]
77928
6: [59, 94, 74, 83, 5, 71, 90, 13, 41, 87, 62, 0, 37, 19, 48, 49, 64, 40, 34, 75, 11, 86, 24, 32, 14, 80, 35, 77, 15, 47, 23, 45, 43, 79, 36, 29, 46, 98, 73, 61, 81, 52, 72, 4, 67, 68, 3, 53, 38, 12]
76181
7: [14, 69, 59, 88, 36, 26, 71, 4, 1, 52, 41, 50, 10, 13, 58, 30, 76, 35, 19, 25, 5, 60, 61, 32, 33, 47, 93, 81, 56, 18, 53, 11, 27, 49, 46, 96, 83, 22, 20, 91, 80, 17, 67, 43, 54, 99, 55, 90, 16, 28]
101835
8: [39, 32, 35, 9, 11, 38, 44, 33, 55, 14, 15, 27, 97, 34, 56, 17, 74, 8, 49, 83, 95, 91, 48, 69, 20, 67, 61, 6, 76, 1, 70, 63, 43, 72, 7, 78, 66, 99, 10, 62, 30, 36, 12, 53, 45, 50, 5, 54, 71, 86]
80240
9: [28, 31, 59, 68, 86, 43, 74, 97, 91, 73, 67, 25, 61, 20, 98, 32, 80, 90, 13, 94, 76, 3, 84, 71, 77, 29, 39, 26, 45, 87, 83, 23, 57, 41, 51, 60, 11, 48, 34, 58, 62, 19, 55, 54, 37, 78, 69, 63, 30, 93]
80682
10: [31, 0, 47, 78, 16, 30, 49, 4, 53, 50, 86, 52, 69, 77, 99, 24, 38, 51, 85, 60, 5, 12, 26, 43, 21, 23, 63, 20, 76, 98, 22, 48, 44, 35, 7, 42, 73, 14, 74, 62, 95, 9, 36, 79, 88, 41, 61, 46, 64, 6]
86884
11: [91, 26, 73, 33, 62, 22, 21, 3, 39, 32, 55, 88, 77, 25, 98, 7, 42, 43, 84, 71, 68, 70, 54, 81, 45, 61, 59, 49, 58, 47, 67, 69, 27, 97, 20, 72, 23, 82, 87, 31, 44, 83, 56, 30, 34, 17, 35, 57, 86, 41]
83933
12: [20, 37, 77, 32, 73, 96, 81, 83, 17, 94, 88, 82, 67, 43, 33, 41, 86, 25, 44, 71, 47, 4, 23, 35, 91, 10, 49, 75, 56, 6, 53, 66, 99, 84, 5, 70, 8, 59, 52, 14, 13, 76, 78, 48, 30, 39, 72, 51, 61, 58]
89634
13: [86, 81, 14, 82, 77, 74, 49, 19, 40, 94, 95, 47, 58, 3, 69, 7, 90, 92, 35, 64, 41, 21, 98, 29, 57, 79, 61, 10, 44, 76, 80, 6, 65, 83, 75, 73, 37, 8, 42, 12, 99, 20, 25, 60, 34, 53, 0, 54, 55, 59]
78175
14: [59, 43, 70, 93, 10, 21, 37, 64, 33, 95, 41, 6, 45, 94, 23, 40, 15, 16, 49, 20, 67, 4, 52, 3, 87, 82, 29, 65, 86, 99, 53, 91, 61, 22, 73, 81, 58, 1, 72, 88, 89, 39, 9, 5, 62, 19, 71, 77, 57, 51]
76505
15: [57, 5, 94, 9, 71, 45, 64, 84, 0, 6, 47, 80, 11, 21, 82, 98, 25, 39, 78, 54, 91, 36, 81, 86, 66, 65, 24, 41, 22, 34, 74, 72, 77, 69, 62, 27, 50, 53, 95, 40, 15, 17, 52, 20, 88, 70, 55, 12, 75, 35]
90805
16: [63, 84, 50, 73, 83, 74, 20, 92, 99, 38, 60, 3, 23, 24, 28, 4, 12, 40, 76, 1, 85, 96, 91, 61, 27, 70, 46, 41, 39, 82, 80, 34, 62, 89, 29, 47, 7, 14, 78, 13, 11, 66, 44, 72, 36, 52, 81, 68, 58, 42]
99992
17: [88, 89, 84, 39, 61, 24, 66, 12, 76, 20, 11, 30, 65, 8, 59, 47, 3, 87, 83, 36, 93, 46, 63, 35, 16, 81, 80, 85, 74, 7, 72, 31, 26, 95, 44, 71, 18, 70, 49, 64, 40, 78, 0, 50, 58, 28, 38, 42, 55, 34]
74231
18: [4, 81, 8, 85, 10, 66, 12, 74, 5, 2, 16, 24, 71, 67, 1, 73, 75, 20, 72, 70, 14, 43, 76, 60, 62, 91, 17, 31, 86, 33, 32, 87, 92, 57, 44, 27, 18, 42, 51, 38, 69, 7, 61, 19, 79, 58, 11, 28, 23, 25]
85198
19: [80, 53, 66, 55, 65, 4, 30, 74, 72, 95, 90, 8, 45, 73, 23, 63, 76, 56, 47, 16, 71, 51, 33, 42, 86, 17, 27, 0, 46, 5, 92, 9, 94, 88, 25, 87, 22, 2, 29, 18, 77, 83, 58, 67, 99, 82, 59, 34, 15, 93]
78280
20: [6, 45, 55, 65, 88, 90, 20, 13, 71, 46, 23, 3, 76, 59, 98, 32, 35, 26, 22, 33, 31, 2, 40, 89, 72, 18, 21, 93, 39, 97, 14, 49, 68, 54, 9, 95, 12, 80, 41, 63, 83, 87, 8, 0, 53, 34, 86, 67, 1, 19]
81850
21: [34, 1, 72, 33, 22, 41, 11, 9, 60, 82, 15, 31, 5, 40, 14, 93, 78, 49, 97, 70, 92, 13, 50, 25, 48, 75, 51, 87, 43, 47, 32, 98, 71, 96, 30, 53, 45, 79, 10, 8, 27, 35, 81, 67, 37, 62, 88, 69, 44, 91]
86273
22: [43, 34, 53, 27, 83, 52, 29, 73, 97, 40, 44, 94, 35, 87, 59, 99, 45, 41, 64, 51, 16, 80, 75, 60, 21, 88, 38, 39, 55, 63, 25, 11, 98, 54, 20, 46, 79, 8, 71, 33, 30, 92, 95, 58, 5, 57, 19, 50, 18, 72]
92830
23: [33, 27, 95, 46, 81, 37, 21, 98, 61, 1, 22, 35, 23, 58, 80, 60, 31, 64, 56, 18, 8, 77, 85, 68, 92, 4, 6, 71, 63, 66, 9, 30, 83, 16, 45, 3, 17, 41, 87, 59, 90, 65, 36, 53, 47, 75, 48, 89, 52, 38]
86591
24: [35, 1, 97, 88, 10, 82, 71, 31, 62, 40, 94, 87, 80, 2, 95, 63, 92, 33, 18, 72, 57, 56, 78, 26, 48, 54, 84, 46, 93, 5, 85, 42, 77, 16, 11, 98, 69, 27, 28, 66, 61, 96, 86, 44, 19, 24, 49, 9, 47, 83]
88427
25: [12, 22, 56, 9, 51, 79, 66, 5, 16, 43, 21, 29, 71, 35, 55, 87, 47, 7, 39, 2, 33, 31, 11, 59, 98, 0, 44, 4, 80, 20, 75, 74, 83, 6, 77, 76, 99, 58, 97, 78, 42, 72, 61, 10, 69, 81, 24, 36, 38, 68]
76069
26: [90, 74, 36, 47, 85, 3, 7, 71, 83, 29, 80, 26, 88, 87, 79, 11, 8, 4, 22, 31, 41, 6, 78, 38, 81, 57, 66, 70, 54, 93, 89, 12, 98, 20, 30, 62, 72, 63, 55, 45, 9, 15, 23, 18, 46, 53, 61, 75, 32, 59]
84604
27: [16, 66, 10, 56, 49, 15, 54, 51, 22, 37, 90, 50, 75, 46, 6, 61, 98, 31, 24, 40, 72, 94, 32, 3, 26, 7, 13, 35, 69, 33, 47, 81, 21, 48, 23, 93, 68, 84, 39, 27, 76, 34, 53, 14, 28, 88, 8, 97, 62, 60]
86232
28: [6, 48, 70, 80, 39, 64, 85, 43, 61, 35, 36, 84, 52, 53, 58, 33, 9, 16, 25, 78, 87, 3, 73, 76, 37, 67, 89, 51, 41, 99, 23, 79, 62, 22, 45, 57, 98, 83, 31, 44, 15, 60, 30, 28, 92, 11, 4, 42, 65, 56]
79577
29: [99, 21, 3, 23, 62, 86, 36, 61, 81, 25, 93, 32, 24, 51, 0, 87, 50, 66, 33, 98, 28, 52, 37, 65, 92, 83, 22, 58, 8, 90, 10, 97, 4, 27, 7, 96, 42, 47, 5, 1, 85, 34, 44, 15, 26, 45, 31, 95, 54, 78]
73978
30: [49, 84, 58, 85, 64, 26, 66, 63, 19, 65, 21, 79, 90, 72, 7, 2, 33, 69, 3, 48, 83, 35, 92, 57, 44, 32, 27, 22, 34, 67, 80, 55, 40, 1, 43, 51, 59, 75, 97, 71, 0, 62, 60, 70, 87, 10, 18, 45, 8, 96]
84434
31: [57, 2, 40, 43, 87, 96, 23, 16, 54, 30, 47, 22, 88, 56, 50, 29, 5, 42, 49, 60, 59, 65, 74, 95, 46, 36, 9, 63, 66, 41, 75, 68, 97, 17, 1, 81, 33, 91, 67, 4, 61, 34, 10, 83, 76, 3, 86, 58, 93, 35]
81313
32: [48, 65, 38, 25, 57, 59, 23, 96, 13, 99, 97, 62, 46, 32, 43, 52, 56, 45, 20, 27, 49, 75, 34, 68, 14, 98, 33, 12, 10, 74, 84, 0, 72, 51, 66, 63, 31, 17, 89, 87, 83, 86, 70, 30, 42, 44, 58, 79, 71, 28]
93323
33: [49, 3, 80, 87, 52, 67, 32, 59, 29, 69, 26, 14, 18, 57, 71, 31, 70, 79, 40, 10, 34, 39, 66, 5, 97, 47, 35, 74, 63, 13, 22, 9, 90, 73, 41, 21, 42, 30, 24, 19, 62, 0, 37, 89, 54, 48, 45, 94, 43, 20]
83500
34: [35, 54, 13, 11, 81, 99, 64, 93, 58, 98, 24, 1, 48, 92, 71, 2, 84, 79, 41, 23, 67, 47, 39, 0, 56, 6, 75, 17, 43, 74, 12, 91, 28, 18, 57, 29, 55, 52, 89, 68, 32, 42, 96, 88, 3, 80, 25, 86, 94, 4]
84240
35: [86, 47, 45, 75, 35, 52, 82, 22, 33, 80, 72, 38, 36, 68, 13, 18, 16, 20, 93, 61, 48, 99, 71, 91, 3, 2, 58, 11, 97, 39, 78, 29, 41, 46, 17, 10, 49, 98, 12, 92, 56, 85, 40, 55, 42, 57, 50, 1, 63, 26]
85109
36: [50, 10, 21, 60, 18, 51, 75, 12, 33, 83, 28, 90, 44, 94, 34, 11, 3, 56, 16, 78, 8, 80, 14, 97, 59, 88, 53, 74, 24, 93, 86, 70, 65, 95, 22, 23, 87, 26, 64, 58, 13, 79, 46, 62, 4, 71, 91, 52, 63, 31]
88702
37: [41, 43, 53, 50, 72, 76, 90, 49, 77, 42, 66, 8, 86, 33, 23, 83, 56, 26, 19, 92, 69, 13, 64, 58, 59, 38, 24, 70, 75, 89, 30, 51, 18, 5, 68, 94, 95, 40, 17, 15, 57, 34, 16, 98, 62, 44, 87, 14, 25, 81]
84839
38: [85, 23, 24, 79, 72, 27, 43, 18, 71, 4, 1, 29, 5, 9, 33, 40, 25, 35, 21, 70, 10, 34, 76, 14, 37, 88, 26, 83, 99, 98, 31, 57, 38, 15, 30, 67, 80, 55, 64, 48, 45, 73, 3, 52, 61, 94, 41, 7, 44, 60]
85447
39: [84, 44, 61, 82, 56, 87, 42, 95, 81, 43, 35, 1, 93, 97, 79, 26, 85, 20, 60, 19, 54, 37, 92, 71, 65, 34, 59, 91, 33, 9, 99, 40, 7, 49, 38, 11, 70, 12, 18, 50, 64, 45, 72, 77, 2, 14, 6, 3, 15, 47]
81383
40: [88, 21, 93, 12, 24, 76, 1, 49, 19, 4, 40, 22, 68, 64, 82, 45, 30, 42, 95, 79, 34, 59, 67, 99, 70, 71, 18, 73, 60, 97, 44, 75, 23, 96, 63, 85, 69, 48, 62, 14, 17, 90, 58, 27, 87, 83, 26, 84, 77, 61]
86302
41: [89, 47, 10, 36, 48, 79, 0, 95, 76, 81, 97, 90, 16, 56, 21, 18, 32, 70, 1, 34, 29, 11, 91, 57, 80, 87, 52, 44, 23, 94, 3, 27, 50, 31, 65, 2, 40, 37, 86, 71, 25, 33, 78, 77, 72, 17, 46, 53, 12, 14]
96568
42: [2, 85, 22, 92, 73, 86, 30, 31, 83, 7, 16, 12, 96, 78, 57, 99, 44, 46, 60, 66, 82, 25, 48, 59, 39, 8, 14, 20, 50, 53, 43, 55, 70, 87, 15, 75, 52, 19, 90, 37, 23, 54, 93, 33, 63, 64, 49, 67, 80, 42]
90301
43: [98, 51, 37, 32, 9, 66, 17, 20, 57, 71, 76, 26, 77, 44, 79, 99, 72, 49, 16, 45, 67, 28, 14, 8, 96, 29, 64, 55, 1, 88, 70, 19, 53, 36, 35, 5, 90, 2, 25, 60, 62, 74, 24, 7, 46, 94, 15, 86, 42, 61]
78278
44: [22, 30, 69, 65, 27, 18, 49, 80, 94, 29, 40, 0, 93, 15, 48, 96, 1, 21, 72, 19, 71, 83, 98, 63, 99, 51, 46, 26, 25, 85, 66, 62, 47, 61, 36, 77, 6, 86, 43, 95, 55, 87, 4, 89, 59, 24, 45, 35, 78, 52]
88274
45: [94, 40, 63, 29, 77, 41, 5, 56, 72, 11, 35, 3, 34, 78, 9, 44, 30, 45, 98, 46, 13, 80, 95, 86, 64, 36, 62, 59, 75, 93, 85, 47, 96, 10, 83, 90, 12, 16, 55, 33, 8, 1, 20, 60, 28, 66, 38, 42, 21, 58]
84840
46: [42, 71, 46, 51, 10, 17, 32, 54, 9, 65, 11, 72, 14, 58, 15, 16, 29, 21, 49, 31, 4, 44, 73, 33, 24, 68, 7, 38, 37, 1, 77, 45, 34, 3, 70, 75, 67, 82, 43, 0, 92, 89, 50, 47, 35, 12, 86, 80, 93, 74]
78443
47: [0, 24, 53, 46, 51, 14, 72, 93, 21, 90, 89, 54, 36, 48, 42, 56, 91, 7, 75, 44, 41, 17, 40, 85, 8, 26, 12, 6, 1, 47, 79, 58, 82, 13, 97, 76, 92, 25, 95, 59, 50, 52, 28, 16, 74, 73, 60, 35, 99, 98]
85109
48: [20, 47, 1, 87, 18, 62, 2, 66, 76, 93, 73, 80, 4, 27, 28, 64, 13, 50, 72, 91, 49, 90, 92, 25, 44, 96, 35, 41, 23, 63, 37, 52, 21, 59, 56, 38, 34, 0, 8, 83, 26, 98, 57, 6, 42, 89, 11, 77, 5, 39]
78924
49: [18, 12, 87, 70, 99, 50, 47, 24, 39, 68, 92, 79, 64, 81, 80, 16, 22, 8, 59, 69, 60, 91, 54, 93, 29, 94, 6, 43, 73, 20, 51, 98, 66, 86, 34, 36, 30, 5, 53, 72, 19, 32, 82, 89, 48, 58, 42, 85, 90, 14]
80689
50: [18, 28, 61, 48, 68, 76, 78, 22, 87, 9, 62, 92, 6, 65, 0, 99, 45, 10, 41, 91, 34, 95, 82, 21, 85, 4, 42, 55, 36, 2, 7, 60, 83, 47, 24, 75, 73, 13, 40, 46, 31, 72, 52, 84, 93, 8, 86, 33, 67, 38]
76324
51: [29, 2, 44, 21, 22, 4, 12, 24, 98, 84, 26, 17, 0, 93, 74, 46, 71, 64, 31, 85, 15, 95, 62, 42, 69, 96, 76, 9, 56, 28, 89, 23, 79, 73, 14, 97, 60, 75, 83, 13, 55, 90, 38, 3, 20, 68, 6, 67, 92, 61]
77407
52: [93, 72, 24, 94, 54, 11, 48, 88, 80, 49, 53, 56, 60, 87, 6, 85, 79, 8, 64, 44, 17, 70, 23, 4, 69, 33, 46, 3, 68, 92, 83, 36, 15, 90, 12, 67, 71, 19, 84, 82, 25, 28, 95, 1, 61, 7, 55, 29, 47, 76]
79850
53: [15, 66, 93, 99, 0, 7, 11, 37, 82, 29, 25, 96, 53, 5, 16, 98, 79, 2, 44, 31, 43, 73, 33, 28, 21, 35, 64, 89, 80, 45, 61, 4, 88, 17, 19, 75, 65, 78, 1, 95, 48, 58, 72, 85, 59, 94, 76, 47, 54, 41]
81615
54: [57, 64, 61, 18, 12, 45, 13, 47, 26, 35, 70, 76, 55, 80, 29, 63, 0, 25, 42, 81, 99, 78, 41, 95, 48, 22, 30, 3, 79, 73, 53, 49, 43, 54, 74, 44, 5, 84, 83, 85, 38, 24, 56, 68, 23, 65, 69, 34, 20, 9]
80271
55: [80, 73, 84, 19, 85, 62, 79, 74, 90, 95, 30, 54, 36, 16, 60, 47, 21, 28, 53, 97, 25, 24, 87, 9, 93, 78, 67, 91, 71, 10, 40, 8, 49, 34, 77, 33, 23, 22, 27, 58, 82, 98, 44, 43, 59, 26, 39, 56, 96, 41]
92120
56: [23, 28, 32, 43, 52, 63, 93, 55, 80, 24, 38, 14, 29, 87, 41, 27, 54, 53, 2, 85, 39, 12, 84, 91, 64, 40, 19, 34, 79, 11, 45, 70, 8, 44, 83, 75, 61, 90, 31, 88, 42, 60, 78, 66, 69, 68, 81, 4, 21, 15]
88504
57: [67, 58, 76, 26, 15, 32, 43, 45, 89, 33, 59, 82, 83, 87, 12, 8, 91, 19, 1, 5, 51, 31, 62, 22, 65, 2, 49, 13, 27, 70, 28, 92, 77, 66, 50, 55, 96, 61, 98, 23, 72, 10, 79, 17, 37, 30, 95, 63, 52, 94]
91563
58: [52, 14, 76, 98, 47, 16, 43, 61, 55, 54, 17, 27, 6, 75, 84, 60, 8, 2, 80, 82, 44, 20, 45, 31, 41, 63, 93, 30, 5, 66, 97, 42, 69, 37, 12, 96, 29, 22, 81, 94, 23, 51, 53, 77, 32, 46, 3, 85, 59, 0]
86333
59: [11, 72, 84, 71, 67, 53, 85, 62, 39, 9, 98, 22, 8, 0, 87, 30, 68, 82, 29, 63, 37, 94, 46, 4, 54, 55, 79, 83, 81, 35, 88, 51, 65, 17, 93, 66, 33, 73, 58, 41, 70, 76, 57, 10, 90, 52, 19, 99, 25, 97]
74517
60: [49, 10, 27, 22, 5, 19, 67, 14, 58, 17, 25, 44, 54, 78, 38, 86, 88, 84, 92, 55, 20, 24, 30, 80, 96, 6, 18, 4, 81, 9, 40, 95, 3, 89, 79, 47, 52, 36, 53, 46, 42, 91, 64, 41, 21, 11, 31, 76, 85, 74]
92109
61: [91, 68, 66, 55, 48, 95, 13, 61, 26, 83, 71, 78, 93, 77, 31, 3, 0, 34, 16, 69, 44, 21, 63, 5, 81, 39, 41, 15, 33, 73, 42, 50, 64, 54, 10, 60, 72, 25, 36, 28, 87, 53, 2, 22, 30, 45, 52, 27, 23, 80]
85770
62: [79, 36, 73, 55, 38, 9, 29, 66, 76, 40, 26, 39, 0, 62, 68, 47, 11, 15, 24, 93, 25, 80, 84, 59, 88, 19, 81, 43, 50, 64, 86, 10, 89, 70, 13, 49, 67, 20, 52, 51, 56, 6, 35, 37, 46, 16, 60, 54, 95, 98]
79694
63: [0, 15, 90, 33, 68, 6, 67, 10, 60, 97, 86, 31, 66, 63, 70, 77, 96, 34, 49, 36, 69, 82, 74, 71, 83, 27, 23, 51, 52, 57, 25, 55, 53, 26, 73, 19, 30, 5, 65, 48, 41, 39, 78, 89, 45, 12, 40, 94, 22, 2]
84623
64: [38, 26, 90, 24, 78, 44, 92, 2, 36, 55, 34, 42, 95, 66, 8, 77, 16, 39, 20, 49, 14, 89, 50, 88, 22, 13, 47, 56, 75, 11, 4, 23, 82, 99, 62, 68, 60, 87, 79, 52, 7, 30, 96, 1, 81, 29, 64, 28, 76, 57]
89524
65: [91, 63, 84, 97, 27, 34, 15, 77, 21, 56, 49, 82, 70, 52, 12, 78, 64, 96, 25, 0, 89, 8, 35, 68, 76, 60, 79, 13, 37, 32, 95, 7, 38, 55, 86, 62, 71, 41, 65, 3, 54, 80, 40, 57, 75, 5, 10, 61, 39, 47]
83161
66: [90, 64, 94, 55, 19, 75, 12, 20, 25, 88, 14, 78, 50, 89, 13, 46, 4, 51, 83, 54, 8, 69, 17, 67, 85, 22, 43, 99, 41, 66, 24, 58, 37, 38, 33, 44, 47, 92, 42, 91, 18, 5, 40, 52, 72, 23, 11, 59, 68, 39]
90581
67: [1, 47, 20, 24, 51, 54, 7, 90, 52, 45, 58, 75, 30, 61, 74, 26, 0, 84, 17, 19, 83, 40, 97, 65, 60, 44, 41, 50, 66, 93, 94, 80, 48, 16, 15, 42, 78, 72, 85, 8, 73, 25, 89, 14, 95, 71, 55, 76, 10, 27]
77540
68: [89, 42, 61, 44, 45, 64, 21, 40, 15, 87, 5, 96, 52, 95, 90, 68, 39, 37, 22, 78, 56, 58, 20, 75, 34, 2, 67, 48, 10, 88, 17, 32, 99, 98, 76, 65, 28, 72, 60, 55, 24, 16, 26, 23, 93, 14, 9, 0, 71, 18]
81244
69: [38, 74, 82, 1, 14, 32, 28, 34, 98, 9, 30, 45, 19, 62, 13, 95, 85, 31, 8, 77, 55, 43, 88, 0, 52, 37, 47, 61, 75, 78, 40, 72, 18, 58, 68, 23, 41, 97, 12, 27, 6, 89, 50, 7, 93, 51, 49, 57, 67, 90]
93540
70: [22, 40, 26, 16, 84, 19, 64, 0, 5, 47, 62, 33, 11, 17, 93, 79, 28, 98, 10, 12, 39, 80, 7, 31, 63, 41, 77, 53, 8, 97, 32, 52, 49, 2, 44, 45, 61, 20, 29, 92, 46, 1, 87, 70, 65, 67, 81, 27, 75, 57]
83097
71: [78, 60, 14, 37, 74, 2, 95, 41, 53, 38, 48, 54, 11, 6, 17, 75, 20, 5, 99, 70, 46, 57, 45, 29, 67, 65, 64, 69, 9, 94, 44, 27, 86, 58, 96, 83, 3, 59, 31, 26, 32, 34, 55, 15, 7, 82, 8, 4, 28, 24]
80188
72: [80, 32, 57, 93, 96, 60, 27, 56, 61, 16, 91, 21, 72, 85, 46, 13, 82, 83, 95, 88, 29, 92, 2, 23, 89, 53, 47, 90, 94, 74, 49, 22, 66, 43, 50, 3, 68, 42, 1, 24, 36, 40, 8, 86, 17, 14, 78, 84, 98, 37]
79795
73: [38, 40, 80, 59, 42, 69, 9, 77, 24, 57, 36, 12, 64, 56, 66, 68, 60, 25, 61, 79, 46, 7, 62, 41, 45, 3, 48, 49, 71, 13, 83, 33, 37, 28, 16, 58, 53, 73, 88, 27, 96, 65, 47, 2, 17, 8, 81, 15, 39, 72]
82512
74: [11, 62, 63, 93, 96, 33, 35, 30, 74, 6, 76, 69, 17, 37, 43, 22, 31, 56, 68, 26, 39, 21, 9, 5, 49, 58, 81, 38, 14, 25, 97, 4, 40, 8, 78, 27, 42, 67, 89, 19, 59, 70, 45, 18, 51, 0, 83, 86, 77, 60]
91590
75: [21, 68, 25, 11, 5, 84, 4, 63, 86, 78, 40, 43, 20, 50, 89, 69, 27, 34, 28, 45, 87, 91, 97, 32, 15, 8, 77, 22, 57, 31, 38, 59, 3, 62, 13, 99, 80, 12, 85, 39, 26, 6, 18, 55, 33, 54, 1, 73, 29, 92]
82321
76: [54, 51, 71, 22, 75, 19, 69, 77, 7, 30, 97, 17, 47, 27, 50, 42, 21, 83, 80, 39, 0, 3, 24, 35, 11, 37, 34, 57, 32, 61, 82, 8, 56, 96, 94, 41, 28, 58, 92, 26, 18, 29, 76, 38, 16, 88, 95, 89, 66, 9]
93278
77: [64, 80, 59, 23, 85, 40, 6, 35, 41, 33, 48, 95, 38, 20, 36, 82, 86, 60, 7, 30, 61, 42, 87, 72, 49, 70, 79, 90, 46, 14, 81, 97, 56, 45, 28, 89, 3, 51, 31, 34, 26, 24, 16, 91, 0, 74, 37, 55, 66, 47]
78769
78: [57, 38, 47, 64, 72, 10, 75, 41, 11, 89, 21, 29, 58, 93, 65, 68, 66, 88, 43, 98, 92, 94, 24, 96, 97, 81, 31, 53, 28, 8, 7, 46, 5, 18, 69, 15, 9, 33, 91, 74, 52, 84, 56, 30, 67, 13, 71, 70, 50, 45]
90352
79: [38, 5, 27, 29, 18, 77, 13, 43, 24, 23, 57, 28, 10, 33, 20, 97, 53, 21, 15, 73, 46, 76, 91, 62, 22, 67, 64, 81, 63, 79, 92, 50, 54, 48, 80, 69, 99, 58, 90, 6, 83, 40, 87, 98, 12, 51, 94, 37, 3, 34]
76830
80: [96, 86, 2, 83, 8, 87, 71, 92, 65, 20, 57, 26, 23, 73, 97, 33, 5, 81, 52, 98, 27, 18, 11, 50, 38, 42, 78, 99, 46, 67, 17, 53, 95, 4, 84, 56, 14, 79, 0, 91, 61, 40, 6, 16, 12, 76, 10, 9, 44, 29]
89584
81: [25, 47, 55, 56, 16, 31, 14, 98, 78, 41, 54, 94, 69, 4, 46, 3, 22, 75, 18, 64, 38, 9, 62, 66, 50, 85, 51, 97, 88, 43, 21, 53, 82, 60, 61, 99, 52, 34, 8, 11, 74, 71, 27, 32, 90, 17, 6, 5, 67, 39]
93483
82: [73, 71, 9, 16, 18, 50, 63, 99, 8, 76, 28, 90, 0, 23, 95, 68, 12, 47, 6, 84, 82, 60, 46, 93, 34, 88, 51, 29, 37, 30, 17, 66, 78, 75, 10, 38, 89, 7, 54, 48, 65, 97, 69, 40, 59, 70, 56, 11, 55, 44]
77594
83: [31, 76, 89, 75, 90, 35, 87, 52, 62, 67, 24, 36, 39, 53, 96, 58, 12, 69, 4, 47, 74, 38, 10, 93, 64, 25, 79, 7, 85, 23, 83, 50, 33, 56, 65, 99, 97, 82, 81, 48, 19, 54, 44, 30, 98, 9, 26, 27, 60, 40]
85449
84: [88, 83, 21, 26, 75, 5, 13, 69, 25, 37, 49, 90, 16, 12, 27, 35, 77, 67, 14, 30, 28, 51, 52, 60, 41, 95, 85, 68, 19, 73, 55, 70, 45, 98, 0, 80, 61, 96, 57, 74, 15, 58, 3, 43, 71, 6, 82, 29, 86, 78]
84665
85: [65, 52, 37, 69, 26, 44, 38, 6, 91, 14, 75, 55, 5, 22, 82, 42, 50, 79, 98, 2, 84, 95, 4, 12, 29, 62, 15, 7, 88, 17, 47, 31, 99, 54, 49, 58, 30, 11, 71, 94, 51, 90, 92, 23, 40, 16, 77, 70, 13, 67]
94192
86: [27, 88, 8, 98, 61, 51, 2, 64, 90, 34, 47, 7, 85, 79, 15, 94, 89, 14, 39, 25, 93, 32, 0, 59, 41, 99, 26, 24, 12, 66, 1, 81, 80, 42, 9, 74, 44, 19, 96, 50, 43, 60, 78, 30, 91, 10, 84, 3, 63, 29]
93876
87: [35, 43, 42, 54, 2, 63, 22, 24, 33, 7, 34, 40, 71, 96, 84, 5, 99, 66, 37, 30, 88, 89, 74, 13, 15, 86, 16, 20, 11, 87, 50, 65, 70, 32, 90, 69, 60, 36, 68, 61, 59, 76, 56, 94, 78, 53, 39, 46, 9, 8]
77821
88: [37, 34, 8, 97, 62, 5, 0, 83, 63, 86, 24, 6, 30, 53, 7, 28, 52, 21, 71, 20, 73, 1, 41, 25, 57, 54, 44, 16, 66, 17, 46, 98, 89, 47, 40, 60, 90, 56, 33, 91, 2, 67, 69, 74, 42, 68, 72, 81, 43, 48]
75736
89: [27, 98, 17, 84, 4, 60, 22, 88, 93, 85, 62, 86, 56, 43, 42, 30, 75, 26, 46, 87, 25, 92, 39, 47, 70, 16, 95, 55, 29, 24, 5, 44, 23, 76, 40, 69, 77, 19, 36, 45, 89, 52, 14, 31, 41, 90, 71, 73, 35, 64]
86419
90: [98, 81, 35, 24, 66, 52, 64, 13, 44, 45, 71, 23, 9, 36, 56, 77, 65, 34, 43, 16, 83, 73, 90, 32, 82, 2, 49, 72, 69, 4, 78, 39, 21, 61, 33, 87, 1, 92, 38, 15, 99, 80, 17, 25, 60, 50, 88, 95, 53, 96]
81847
91: [26, 58, 14, 61, 12, 47, 71, 49, 98, 93, 39, 86, 68, 80, 85, 35, 75, 82, 17, 2, 37, 50, 21, 32, 81, 30, 6, 46, 1, 16, 55, 96, 84, 5, 95, 10, 22, 0, 57, 66, 52, 41, 73, 56, 43, 67, 77, 92, 59, 74]
96959
92: [91, 65, 96, 92, 85, 42, 73, 67, 55, 66, 18, 74, 38, 70, 52, 12, 15, 28, 24, 48, 44, 43, 56, 82, 11, 53, 90, 20, 39, 51, 86, 72, 93, 50, 13, 97, 63, 21, 1, 78, 35, 23, 47, 45, 9, 5, 7, 2, 64, 8]
80897
93: [74, 58, 48, 37, 42, 51, 50, 54, 8, 94, 91, 9, 40, 23, 75, 5, 97, 56, 38, 76, 61, 93, 30, 33, 77, 64, 2, 24, 92, 98, 79, 14, 66, 31, 70, 80, 62, 55, 63, 22, 21, 6, 78, 65, 83, 32, 36, 88, 13, 43]
87399
94: [36, 76, 94, 58, 92, 29, 8, 88, 89, 62, 18, 57, 78, 46, 86, 6, 70, 67, 49, 52, 79, 82, 42, 48, 9, 80, 40, 44, 59, 72, 10, 45, 83, 19, 96, 43, 23, 1, 68, 16, 15, 11, 97, 7, 81, 90, 33, 26, 32, 3]
71098
95: [46, 51, 49, 74, 28, 88, 1, 83, 31, 81, 99, 4, 96, 23, 11, 45, 79, 63, 73, 5, 42, 40, 43, 52, 16, 94, 48, 93, 60, 14, 18, 80, 89, 82, 97, 26, 17, 9, 38, 33, 21, 29, 13, 36, 39, 15, 91, 90, 27, 44]
84702
96: [51, 26, 83, 92, 27, 94, 67, 61, 20, 38, 15, 37, 87, 86, 64, 73, 23, 97, 36, 85, 35, 91, 0, 31, 41, 53, 3, 48, 49, 8, 44, 75, 22, 16, 59, 65, 82, 54, 17, 50, 12, 98, 10, 68, 52, 4, 66, 71, 57, 5]
69627
97: [46, 92, 75, 62, 11, 65, 44, 72, 83, 67, 77, 24, 53, 6, 80, 40, 89, 21, 49, 41, 8, 38, 26, 51, 66, 39, 79, 33, 27, 17, 59, 60, 58, 88, 28, 9, 97, 57, 70, 18, 91, 23, 0, 95, 69, 14, 15, 5, 22, 30]
85572
98: [33, 58, 42, 37, 95, 1, 51, 89, 66, 26, 83, 70, 61, 92, 60, 3, 72, 11, 77, 4, 43, 10, 35, 88, 16, 94, 69, 46, 99, 52, 98, 56, 45, 15, 21, 34, 41, 25, 75, 78, 96, 71, 85, 97, 82, 91, 59, 74, 23, 57]
84674
99: [75, 91, 78, 15, 51, 19, 53, 50, 94, 25, 41, 52, 74, 9, 6, 92, 38, 37, 82, 69, 5, 17, 65, 58, 49, 14, 46, 81, 76, 77, 86, 55, 22, 95, 63, 35, 21, 28, 48, 60, 83, 54, 84, 34, 99, 70, 73, 87, 43, 85]
84608
