First vertex:  30
Algorytm NNG
Lista wierzcholkow: 
[30, 79, 41, 88, 7, 91, 0, 62, 5, 48, 89, 9, 83, 71, 20, 73, 58, 16, 14, 10, 31, 90, 97, 22, 44, 46, 92, 27, 66, 57, 60, 24, 80, 68, 72, 49, 43, 1, 53, 39, 63, 67, 84, 38, 29, 95, 77, 51, 4, 36]
Dlugosc cyklu:
13342
Algorytm GCY
Lista wierzcholkow: 
[30, 88, 41, 7, 91, 0, 66, 57, 27, 92, 22, 97, 90, 44, 31, 14, 16, 10, 46, 62, 5, 48, 89, 74, 18, 52, 78, 9, 83, 71, 20, 73, 58, 35, 98, 37, 23, 17, 87, 15, 93, 21, 69, 65, 25, 64, 3, 96, 55, 79]
Dlugosc cyklu:
12116
Algorytm ŻALU
Lista wierzcholkow: 
[30, 41, 7, 48, 0, 92, 66, 24, 68, 53, 1, 49, 81, 94, 32, 4, 95, 38, 29, 47, 99, 40, 42, 28, 33, 82, 8, 11, 26, 34, 61, 59, 22, 90, 31, 16, 58, 71, 9, 35, 37, 17, 78, 87, 69, 25, 3, 96, 55, 79]
Dlugosc cyklu:
16021
First vertex:  86
Algorytm NNG
Lista wierzcholkow: 
[86, 50, 60, 24, 80, 68, 72, 49, 43, 1, 53, 39, 63, 67, 84, 38, 29, 95, 77, 51, 4, 36, 32, 75, 12, 94, 81, 47, 99, 70, 40, 13, 2, 45, 28, 33, 82, 54, 11, 26, 85, 34, 19, 56, 6, 8, 61, 59, 76, 22]
Dlugosc cyklu:
11933
Algorytm GCY
Lista wierzcholkow: 
[86, 56, 19, 76, 22, 59, 61, 85, 34, 26, 11, 54, 82, 33, 6, 8, 24, 80, 67, 84, 29, 28, 45, 42, 2, 13, 70, 40, 99, 47, 51, 77, 95, 4, 36, 38, 49, 43, 72, 1, 63, 53, 39, 68, 66, 27, 92, 57, 60, 50]
Dlugosc cyklu:
12467
Algorytm ŻALU
Lista wierzcholkow: 
[86, 6, 26, 54, 33, 28, 42, 40, 99, 47, 29, 38, 95, 4, 32, 94, 81, 43, 53, 66, 92, 0, 62, 91, 7, 88, 79, 55, 96, 74, 18, 3, 65, 69, 15, 52, 78, 17, 37, 35, 9, 71, 73, 16, 31, 90, 22, 59, 76, 50]
Dlugosc cyklu:
15584
First vertex:  81
Algorytm NNG
Lista wierzcholkow: 
[81, 94, 12, 32, 75, 36, 4, 77, 51, 95, 38, 29, 47, 99, 70, 40, 13, 2, 45, 28, 33, 82, 54, 11, 26, 85, 34, 19, 56, 6, 8, 86, 50, 60, 24, 80, 68, 72, 49, 43, 1, 53, 39, 63, 67, 84, 42, 61, 59, 76]
Dlugosc cyklu:
13252
Algorytm GCY
Lista wierzcholkow: 
[81, 1, 53, 39, 63, 68, 66, 27, 92, 57, 60, 50, 86, 56, 19, 76, 97, 90, 31, 44, 22, 59, 61, 85, 34, 26, 11, 54, 82, 33, 6, 8, 24, 80, 43, 49, 72, 67, 84, 38, 29, 95, 77, 51, 4, 36, 12, 32, 75, 94]
Dlugosc cyklu:
11935
Algorytm ŻALU
Lista wierzcholkow: 
[81, 49, 1, 53, 68, 80, 50, 57, 66, 27, 0, 5, 91, 7, 88, 79, 55, 96, 18, 3, 65, 69, 87, 78, 17, 23, 35, 9, 20, 14, 31, 44, 22, 59, 61, 34, 19, 6, 54, 33, 45, 2, 13, 99, 47, 29, 51, 4, 75, 94]
Dlugosc cyklu:
15591
First vertex:  51
Algorytm NNG
Lista wierzcholkow: 
[51, 77, 95, 4, 36, 32, 75, 12, 94, 81, 49, 43, 72, 67, 84, 38, 29, 47, 99, 70, 40, 13, 2, 45, 28, 33, 82, 54, 11, 26, 85, 34, 19, 56, 6, 8, 86, 50, 60, 24, 80, 68, 63, 39, 53, 1, 66, 27, 92, 57]
Dlugosc cyklu:
12269
Algorytm GCY
Lista wierzcholkow: 
[51, 4, 36, 38, 49, 43, 1, 53, 39, 63, 68, 66, 27, 92, 57, 60, 50, 86, 56, 19, 76, 97, 90, 46, 31, 10, 73, 16, 14, 44, 22, 59, 61, 85, 34, 26, 11, 54, 82, 33, 6, 8, 24, 80, 72, 67, 84, 29, 95, 77]
Dlugosc cyklu:
12512
Algorytm ŻALU
Lista wierzcholkow: 
[51, 29, 47, 99, 13, 2, 45, 33, 54, 6, 19, 34, 61, 59, 22, 90, 46, 16, 58, 71, 35, 23, 17, 78, 52, 21, 69, 25, 3, 96, 55, 79, 88, 7, 91, 62, 0, 66, 57, 60, 80, 68, 53, 1, 49, 81, 94, 32, 36, 77]
Dlugosc cyklu:
15696
First vertex:  54
Algorytm NNG
Lista wierzcholkow: 
[54, 82, 33, 28, 45, 2, 42, 13, 70, 40, 99, 47, 51, 77, 95, 4, 36, 32, 75, 12, 94, 81, 49, 43, 72, 67, 84, 38, 29, 8, 6, 56, 86, 50, 60, 24, 80, 68, 63, 39, 53, 1, 66, 27, 92, 57, 76, 59, 61, 85]
Dlugosc cyklu:
12291
Algorytm GCY
Lista wierzcholkow: 
[54, 11, 26, 34, 85, 61, 59, 22, 76, 19, 56, 50, 60, 57, 92, 27, 66, 68, 39, 53, 63, 1, 72, 43, 49, 38, 36, 4, 95, 77, 51, 47, 99, 40, 70, 13, 2, 42, 45, 28, 29, 84, 67, 80, 24, 86, 6, 8, 33, 82]
Dlugosc cyklu:
12539
Algorytm ŻALU
Lista wierzcholkow: 
[54, 11, 26, 34, 61, 59, 22, 44, 31, 10, 73, 71, 9, 98, 23, 17, 93, 21, 69, 65, 3, 18, 96, 55, 30, 41, 7, 91, 5, 0, 27, 57, 50, 24, 68, 39, 1, 49, 81, 94, 32, 4, 95, 38, 29, 47, 99, 40, 42, 82]
Dlugosc cyklu:
15250
First vertex:  28
Algorytm NNG
Lista wierzcholkow: 
[28, 45, 2, 42, 13, 70, 40, 99, 47, 51, 77, 95, 4, 36, 32, 75, 12, 94, 81, 49, 43, 72, 67, 84, 38, 29, 33, 82, 54, 11, 26, 85, 34, 19, 56, 6, 8, 86, 50, 60, 24, 80, 68, 63, 39, 53, 1, 66, 27, 92]
Dlugosc cyklu:
12480
Algorytm GCY
Lista wierzcholkow: 
[28, 13, 47, 99, 70, 40, 2, 42, 45, 26, 34, 85, 61, 59, 22, 76, 19, 11, 56, 50, 60, 57, 92, 27, 66, 68, 39, 53, 63, 1, 72, 43, 49, 38, 36, 4, 95, 77, 51, 29, 84, 67, 80, 24, 86, 6, 8, 54, 82, 33]
Dlugosc cyklu:
13171
Algorytm ŻALU
Lista wierzcholkow: 
[28, 33, 54, 11, 26, 34, 61, 59, 22, 44, 31, 10, 20, 71, 83, 37, 17, 93, 69, 25, 3, 18, 96, 55, 79, 88, 7, 91, 5, 0, 27, 66, 57, 50, 24, 68, 53, 1, 49, 81, 94, 32, 36, 51, 29, 47, 99, 40, 42, 45]
Dlugosc cyklu:
15659
First vertex:  64
Algorytm NNG
Lista wierzcholkow: 
[64, 65, 3, 96, 55, 79, 30, 88, 41, 7, 91, 0, 62, 5, 48, 89, 9, 83, 71, 20, 73, 58, 16, 14, 10, 31, 90, 97, 22, 44, 46, 92, 27, 66, 57, 60, 24, 80, 68, 72, 49, 43, 1, 53, 39, 63, 67, 84, 38, 29]
Dlugosc cyklu:
14162
Algorytm GCY
Lista wierzcholkow: 
[64, 69, 21, 93, 15, 87, 17, 23, 37, 98, 35, 83, 9, 71, 58, 73, 20, 16, 14, 10, 31, 44, 90, 22, 97, 46, 0, 92, 27, 57, 66, 88, 30, 79, 41, 7, 91, 62, 5, 48, 89, 78, 52, 18, 74, 55, 96, 3, 65, 25]
Dlugosc cyklu:
12149
Algorytm ŻALU
Lista wierzcholkow: 
[64, 3, 18, 96, 55, 79, 41, 7, 91, 48, 0, 92, 66, 24, 68, 53, 1, 49, 81, 94, 32, 4, 95, 38, 29, 47, 99, 40, 42, 28, 33, 82, 8, 11, 26, 34, 61, 59, 22, 44, 31, 16, 58, 98, 23, 17, 93, 21, 69, 65]
Dlugosc cyklu:
15595
First vertex:  48
Algorytm NNG
Lista wierzcholkow: 
[48, 5, 62, 0, 91, 7, 41, 88, 30, 79, 55, 96, 74, 18, 52, 78, 17, 23, 37, 35, 98, 83, 9, 71, 20, 73, 58, 16, 14, 10, 31, 90, 97, 22, 44, 46, 92, 27, 66, 57, 60, 24, 80, 68, 72, 49, 43, 1, 53, 39]
Dlugosc cyklu:
12520
Algorytm GCY
Lista wierzcholkow: 
[48, 89, 74, 55, 96, 3, 64, 25, 65, 18, 52, 15, 69, 21, 93, 87, 78, 17, 23, 37, 98, 35, 83, 9, 71, 58, 73, 20, 16, 14, 10, 31, 44, 90, 22, 97, 46, 0, 92, 27, 57, 66, 88, 30, 79, 41, 7, 91, 62, 5]
Dlugosc cyklu:
12215
Algorytm ŻALU
Lista wierzcholkow: 
[48, 83, 35, 23, 17, 93, 21, 69, 65, 3, 18, 96, 55, 30, 41, 7, 91, 0, 66, 57, 60, 80, 68, 53, 1, 49, 81, 94, 32, 4, 95, 38, 29, 47, 99, 40, 42, 54, 6, 19, 34, 61, 59, 22, 90, 31, 16, 58, 71, 5]
Dlugosc cyklu:
15766
First vertex:  84
Algorytm NNG
Lista wierzcholkow: 
[84, 67, 72, 49, 43, 1, 53, 39, 63, 68, 80, 24, 60, 50, 86, 8, 6, 56, 19, 11, 26, 85, 34, 61, 59, 76, 22, 97, 90, 44, 31, 10, 14, 16, 73, 20, 58, 71, 9, 83, 35, 37, 23, 17, 78, 52, 87, 15, 21, 93]
Dlugosc cyklu:
11855
Algorytm GCY
Lista wierzcholkow: 
[84, 29, 28, 45, 42, 2, 13, 70, 40, 99, 47, 51, 77, 95, 4, 36, 38, 49, 43, 1, 53, 39, 63, 68, 66, 27, 92, 57, 60, 50, 86, 56, 19, 76, 22, 59, 61, 85, 34, 26, 11, 54, 82, 33, 6, 8, 24, 80, 72, 67]
Dlugosc cyklu:
12153
Algorytm ŻALU
Lista wierzcholkow: 
[84, 38, 94, 36, 51, 47, 99, 13, 2, 45, 33, 54, 6, 19, 34, 61, 59, 22, 90, 46, 16, 58, 71, 35, 23, 17, 78, 52, 21, 69, 25, 3, 96, 55, 79, 88, 7, 91, 62, 0, 66, 57, 60, 80, 68, 53, 1, 43, 72, 67]
Dlugosc cyklu:
16060
First vertex:  88
Algorytm NNG
Lista wierzcholkow: 
[88, 41, 30, 79, 55, 96, 74, 18, 52, 78, 17, 23, 37, 35, 98, 83, 9, 71, 20, 73, 58, 16, 14, 10, 31, 90, 97, 22, 44, 46, 62, 5, 48, 89, 91, 7, 0, 92, 27, 66, 57, 60, 24, 80, 68, 72, 49, 43, 1, 53]
Dlugosc cyklu:
12432
Algorytm GCY
Lista wierzcholkow: 
[88, 30, 79, 55, 96, 3, 64, 25, 65, 69, 21, 93, 15, 87, 17, 23, 37, 98, 35, 58, 73, 20, 71, 83, 9, 78, 52, 18, 74, 89, 48, 5, 62, 46, 10, 16, 14, 31, 44, 90, 97, 22, 92, 27, 57, 66, 0, 91, 7, 41]
Dlugosc cyklu:
12116
Algorytm ŻALU
Lista wierzcholkow: 
[88, 7, 91, 62, 0, 66, 57, 60, 80, 68, 53, 1, 49, 81, 94, 32, 4, 95, 38, 29, 47, 99, 40, 42, 54, 6, 19, 34, 61, 59, 22, 44, 31, 10, 73, 71, 9, 35, 98, 23, 17, 93, 21, 69, 65, 3, 18, 96, 55, 41]
Dlugosc cyklu:
15656
First vertex:  22
Algorytm NNG
Lista wierzcholkow: 
[22, 97, 90, 44, 31, 10, 14, 16, 73, 20, 58, 71, 9, 83, 35, 37, 23, 17, 78, 52, 87, 15, 21, 93, 69, 65, 64, 3, 96, 55, 79, 30, 88, 41, 7, 91, 0, 62, 5, 48, 89, 18, 74, 25, 98, 46, 92, 27, 66, 57]
Dlugosc cyklu:
14257
Algorytm GCY
Lista wierzcholkow: 
[22, 76, 19, 61, 59, 44, 14, 16, 58, 73, 20, 71, 35, 98, 37, 23, 17, 78, 87, 93, 21, 69, 15, 52, 18, 65, 25, 64, 3, 96, 55, 74, 79, 30, 88, 41, 7, 91, 0, 48, 5, 62, 89, 83, 9, 10, 31, 46, 90, 97]
Dlugosc cyklu:
13266
Algorytm ŻALU
Lista wierzcholkow: 
[22, 59, 61, 34, 26, 11, 8, 82, 33, 28, 42, 40, 99, 47, 29, 38, 95, 4, 32, 94, 81, 49, 1, 53, 68, 80, 60, 57, 92, 66, 88, 79, 55, 74, 18, 3, 65, 69, 21, 87, 78, 17, 23, 35, 9, 71, 73, 14, 46, 97]
Dlugosc cyklu:
15492
First vertex:  78
Algorytm NNG
Lista wierzcholkow: 
[78, 52, 87, 15, 21, 93, 69, 65, 64, 3, 96, 55, 79, 30, 88, 41, 7, 91, 0, 62, 5, 48, 89, 9, 83, 71, 20, 73, 58, 16, 14, 10, 31, 90, 97, 22, 44, 46, 92, 27, 66, 57, 60, 24, 80, 68, 72, 49, 43, 1]
Dlugosc cyklu:
12938
Algorytm GCY
Lista wierzcholkow: 
[78, 18, 65, 25, 64, 3, 96, 55, 74, 89, 48, 5, 62, 91, 7, 41, 79, 30, 88, 66, 57, 27, 92, 0, 46, 97, 22, 90, 44, 31, 10, 14, 16, 20, 73, 58, 71, 9, 83, 35, 98, 37, 23, 17, 87, 93, 21, 69, 15, 52]
Dlugosc cyklu:
12456
Algorytm ŻALU
Lista wierzcholkow: 
[78, 17, 23, 98, 58, 16, 31, 90, 22, 59, 61, 34, 26, 11, 8, 82, 33, 28, 42, 40, 99, 47, 29, 38, 95, 4, 32, 94, 81, 49, 1, 53, 68, 24, 50, 57, 66, 92, 0, 48, 91, 7, 41, 79, 55, 96, 64, 69, 15, 52]
Dlugosc cyklu:
15768
First vertex:  69
Algorytm NNG
Lista wierzcholkow: 
[69, 21, 15, 87, 93, 17, 23, 37, 35, 98, 83, 9, 71, 20, 73, 58, 16, 14, 10, 31, 90, 97, 22, 44, 46, 62, 5, 48, 89, 78, 52, 18, 74, 96, 55, 79, 30, 88, 41, 7, 91, 0, 92, 27, 66, 57, 60, 24, 80, 68]
Dlugosc cyklu:
13163
Algorytm GCY
Lista wierzcholkow: 
[69, 15, 52, 78, 18, 65, 25, 64, 3, 96, 55, 74, 89, 48, 5, 62, 91, 7, 41, 79, 30, 88, 66, 57, 27, 92, 0, 46, 97, 22, 90, 44, 31, 10, 14, 16, 20, 73, 58, 71, 9, 83, 35, 98, 37, 23, 17, 87, 93, 21]
Dlugosc cyklu:
12456
Algorytm ŻALU
Lista wierzcholkow: 
[69, 25, 3, 96, 55, 79, 41, 7, 91, 48, 0, 92, 66, 50, 24, 68, 53, 1, 49, 81, 94, 32, 4, 95, 38, 29, 47, 99, 40, 42, 28, 33, 82, 8, 11, 26, 34, 61, 59, 22, 44, 31, 16, 58, 98, 23, 17, 78, 52, 21]
Dlugosc cyklu:
16247
First vertex:  74
Algorytm NNG
Lista wierzcholkow: 
[74, 18, 52, 78, 17, 23, 37, 35, 98, 83, 9, 71, 20, 73, 58, 16, 14, 10, 31, 90, 97, 22, 44, 46, 62, 5, 48, 89, 91, 7, 41, 88, 30, 79, 55, 96, 3, 64, 65, 25, 69, 21, 15, 87, 93, 0, 92, 27, 66, 57]
Dlugosc cyklu:
13541
Algorytm GCY
Lista wierzcholkow: 
[74, 55, 96, 3, 64, 25, 65, 69, 21, 93, 15, 87, 17, 23, 37, 98, 35, 83, 9, 71, 58, 73, 20, 16, 14, 10, 31, 44, 90, 22, 97, 46, 0, 92, 27, 57, 66, 88, 30, 79, 41, 7, 91, 62, 5, 48, 89, 78, 52, 18]
Dlugosc cyklu:
11968
Algorytm ŻALU
Lista wierzcholkow: 
[74, 55, 79, 88, 7, 91, 62, 0, 66, 57, 60, 80, 68, 53, 43, 81, 94, 32, 4, 95, 38, 29, 47, 99, 40, 42, 54, 6, 19, 34, 61, 59, 22, 44, 31, 14, 58, 71, 9, 35, 98, 23, 17, 78, 52, 21, 69, 65, 3, 18]
Dlugosc cyklu:
15915
First vertex:  16
Algorytm NNG
Lista wierzcholkow: 
[16, 14, 10, 31, 90, 97, 22, 44, 46, 62, 5, 48, 89, 9, 83, 71, 20, 73, 58, 35, 37, 23, 17, 78, 52, 87, 15, 21, 93, 69, 65, 64, 3, 96, 55, 79, 30, 88, 41, 7, 91, 0, 92, 27, 66, 57, 60, 24, 80, 68]
Dlugosc cyklu:
12150
Algorytm GCY
Lista wierzcholkow: 
[16, 58, 73, 20, 71, 35, 98, 37, 23, 17, 78, 87, 93, 21, 69, 15, 52, 18, 65, 25, 64, 3, 96, 55, 74, 79, 30, 88, 41, 7, 91, 0, 48, 5, 62, 89, 83, 9, 10, 31, 46, 90, 97, 22, 76, 19, 61, 59, 44, 14]
Dlugosc cyklu:
13266
Algorytm ŻALU
Lista wierzcholkow: 
[16, 58, 98, 23, 17, 78, 93, 21, 69, 65, 64, 3, 55, 74, 48, 62, 0, 92, 66, 57, 50, 24, 68, 53, 1, 49, 81, 94, 32, 4, 95, 38, 29, 47, 99, 40, 42, 28, 33, 82, 8, 11, 26, 34, 61, 59, 22, 44, 31, 14]
Dlugosc cyklu:
15211
First vertex:  38
Algorytm NNG
Lista wierzcholkow: 
[38, 29, 95, 77, 51, 4, 36, 32, 75, 12, 94, 81, 49, 43, 72, 67, 84, 80, 24, 60, 50, 86, 8, 6, 56, 19, 11, 26, 85, 34, 61, 59, 76, 22, 97, 90, 44, 31, 10, 14, 16, 73, 20, 58, 71, 9, 83, 35, 37, 23]
Dlugosc cyklu:
12674
Algorytm GCY
Lista wierzcholkow: 
[38, 36, 4, 95, 77, 51, 47, 99, 40, 70, 13, 2, 42, 45, 26, 34, 85, 61, 59, 22, 76, 19, 11, 56, 50, 60, 57, 92, 27, 66, 68, 39, 53, 63, 1, 72, 43, 49, 84, 67, 80, 24, 86, 6, 8, 54, 82, 33, 28, 29]
Dlugosc cyklu:
12809
Algorytm ŻALU
Lista wierzcholkow: 
[38, 84, 67, 80, 60, 50, 86, 8, 82, 11, 85, 61, 59, 97, 31, 16, 58, 35, 37, 17, 93, 69, 65, 52, 89, 48, 74, 96, 55, 79, 88, 7, 91, 0, 92, 66, 53, 43, 81, 94, 32, 4, 77, 47, 99, 40, 42, 45, 28, 29]
Dlugosc cyklu:
15930
First vertex:  77
Algorytm NNG
Lista wierzcholkow: 
[77, 51, 95, 4, 36, 32, 75, 12, 94, 81, 49, 43, 72, 67, 84, 38, 29, 47, 99, 70, 40, 13, 2, 45, 28, 33, 82, 54, 11, 26, 85, 34, 19, 56, 6, 8, 86, 50, 60, 24, 80, 68, 63, 39, 53, 1, 66, 27, 92, 57]
Dlugosc cyklu:
12276
Algorytm GCY
Lista wierzcholkow: 
[77, 95, 29, 84, 67, 72, 80, 24, 8, 6, 33, 82, 54, 11, 26, 34, 85, 61, 59, 22, 44, 14, 16, 73, 10, 31, 46, 90, 97, 76, 19, 56, 86, 50, 60, 57, 92, 27, 66, 68, 63, 39, 53, 1, 43, 49, 38, 36, 4, 51]
Dlugosc cyklu:
12512
Algorytm ŻALU
Lista wierzcholkow: 
[77, 36, 32, 94, 81, 49, 1, 53, 68, 80, 60, 57, 66, 0, 62, 91, 7, 88, 79, 55, 96, 3, 25, 69, 21, 52, 78, 17, 23, 35, 71, 58, 16, 46, 90, 22, 59, 61, 34, 19, 6, 54, 33, 45, 2, 13, 99, 47, 29, 51]
Dlugosc cyklu:
15696
First vertex:  79
Algorytm NNG
Lista wierzcholkow: 
[79, 30, 88, 41, 7, 91, 0, 62, 5, 48, 89, 9, 83, 71, 20, 73, 58, 16, 14, 10, 31, 90, 97, 22, 44, 46, 92, 27, 66, 57, 60, 24, 80, 68, 72, 49, 43, 1, 53, 39, 63, 67, 84, 38, 29, 95, 77, 51, 4, 36]
Dlugosc cyklu:
13201
Algorytm GCY
Lista wierzcholkow: 
[79, 55, 96, 3, 64, 25, 65, 69, 21, 93, 15, 87, 17, 23, 37, 98, 35, 58, 73, 20, 71, 83, 9, 78, 52, 18, 74, 89, 48, 5, 62, 46, 10, 16, 14, 31, 44, 90, 97, 22, 92, 27, 57, 66, 0, 91, 7, 41, 88, 30]
Dlugosc cyklu:
12116
Algorytm ŻALU
Lista wierzcholkow: 
[79, 55, 96, 3, 25, 69, 87, 78, 17, 37, 35, 9, 71, 58, 16, 31, 90, 22, 59, 61, 34, 26, 11, 8, 82, 33, 28, 42, 40, 99, 47, 29, 38, 95, 4, 32, 94, 81, 49, 1, 53, 68, 24, 66, 92, 0, 48, 7, 41, 30]
Dlugosc cyklu:
16021
First vertex:  49
Algorytm NNG
Lista wierzcholkow: 
[49, 43, 72, 67, 84, 38, 29, 95, 77, 51, 4, 36, 32, 75, 12, 94, 81, 1, 53, 39, 63, 68, 80, 24, 60, 50, 86, 8, 6, 56, 19, 11, 26, 85, 34, 61, 59, 76, 22, 97, 90, 44, 31, 10, 14, 16, 73, 20, 58, 71]
Dlugosc cyklu:
11794
Algorytm GCY
Lista wierzcholkow: 
[49, 38, 36, 4, 95, 77, 51, 47, 99, 40, 70, 13, 2, 42, 45, 28, 29, 84, 67, 72, 80, 24, 8, 6, 33, 82, 54, 11, 26, 34, 85, 61, 59, 22, 76, 19, 56, 86, 50, 60, 57, 92, 27, 66, 68, 63, 39, 53, 1, 43]
Dlugosc cyklu:
12153
Algorytm ŻALU
Lista wierzcholkow: 
[49, 81, 94, 32, 36, 51, 29, 47, 99, 40, 42, 28, 33, 82, 56, 19, 34, 61, 76, 97, 44, 31, 14, 58, 71, 9, 98, 23, 17, 93, 21, 69, 64, 18, 74, 96, 55, 79, 88, 7, 91, 62, 0, 66, 57, 60, 80, 67, 72, 43]
Dlugosc cyklu:
15834
First vertex:  65
Algorytm NNG
Lista wierzcholkow: 
[65, 64, 3, 96, 55, 79, 30, 88, 41, 7, 91, 0, 62, 5, 48, 89, 9, 83, 71, 20, 73, 58, 16, 14, 10, 31, 90, 97, 22, 44, 46, 92, 27, 66, 57, 60, 24, 80, 68, 72, 49, 43, 1, 53, 39, 63, 67, 84, 38, 29]
Dlugosc cyklu:
14159
Algorytm GCY
Lista wierzcholkow: 
[65, 3, 96, 55, 74, 18, 52, 78, 89, 48, 5, 62, 91, 7, 41, 79, 30, 88, 66, 57, 27, 92, 0, 46, 97, 22, 90, 44, 31, 10, 14, 16, 20, 73, 58, 71, 9, 83, 35, 98, 37, 23, 17, 87, 15, 93, 21, 69, 64, 25]
Dlugosc cyklu:
12149
Algorytm ŻALU
Lista wierzcholkow: 
[65, 69, 21, 93, 17, 23, 98, 58, 16, 31, 44, 22, 59, 61, 34, 26, 11, 8, 82, 33, 28, 42, 40, 99, 47, 29, 38, 95, 4, 32, 94, 81, 49, 1, 53, 68, 24, 66, 92, 0, 48, 91, 7, 41, 79, 55, 96, 18, 3, 64]
Dlugosc cyklu:
15595
First vertex:  32
Algorytm NNG
Lista wierzcholkow: 
[32, 75, 12, 94, 81, 49, 43, 72, 67, 84, 38, 29, 95, 77, 51, 4, 36, 47, 99, 70, 40, 13, 2, 45, 28, 33, 82, 54, 11, 26, 85, 34, 19, 56, 6, 8, 86, 50, 60, 24, 80, 68, 63, 39, 53, 1, 66, 27, 92, 57]
Dlugosc cyklu:
12689
Algorytm GCY
Lista wierzcholkow: 
[32, 12, 36, 4, 51, 77, 95, 29, 38, 84, 67, 72, 49, 43, 80, 24, 8, 6, 33, 82, 54, 11, 26, 34, 85, 61, 59, 22, 44, 31, 90, 97, 76, 19, 56, 86, 50, 60, 57, 92, 27, 66, 68, 63, 39, 53, 1, 81, 94, 75]
Dlugosc cyklu:
11935
Algorytm ŻALU
Lista wierzcholkow: 
[32, 4, 51, 29, 47, 99, 13, 2, 45, 33, 54, 6, 19, 34, 61, 59, 22, 44, 31, 10, 73, 71, 9, 98, 23, 17, 93, 69, 25, 3, 18, 96, 55, 79, 88, 7, 91, 62, 0, 66, 57, 60, 80, 67, 68, 63, 1, 81, 94, 75]
Dlugosc cyklu:
15858
First vertex:  17
Algorytm NNG
Lista wierzcholkow: 
[17, 23, 37, 35, 98, 83, 9, 71, 20, 73, 58, 16, 14, 10, 31, 90, 97, 22, 44, 46, 62, 5, 48, 89, 78, 52, 87, 15, 21, 93, 69, 65, 64, 3, 96, 55, 79, 30, 88, 41, 7, 91, 0, 92, 27, 66, 57, 60, 24, 80]
Dlugosc cyklu:
12899
Algorytm GCY
Lista wierzcholkow: 
[17, 78, 87, 93, 21, 69, 15, 52, 18, 65, 25, 64, 3, 96, 55, 74, 79, 30, 88, 41, 7, 91, 0, 48, 5, 62, 89, 9, 83, 71, 20, 73, 46, 31, 90, 97, 22, 76, 19, 61, 59, 44, 10, 14, 16, 58, 35, 98, 37, 23]
Dlugosc cyklu:
13076
Algorytm ŻALU
Lista wierzcholkow: 
[17, 78, 52, 21, 69, 65, 3, 18, 96, 55, 79, 41, 7, 91, 5, 0, 92, 66, 24, 68, 53, 1, 49, 81, 94, 32, 4, 95, 38, 29, 47, 99, 40, 42, 28, 33, 8, 26, 34, 61, 59, 22, 90, 31, 16, 73, 71, 9, 35, 23]
Dlugosc cyklu:
15820
First vertex:  11
Algorytm NNG
Lista wierzcholkow: 
[11, 26, 85, 34, 19, 56, 6, 8, 86, 50, 60, 24, 80, 68, 72, 49, 43, 1, 53, 39, 63, 67, 84, 38, 29, 95, 77, 51, 4, 36, 32, 75, 12, 94, 81, 47, 99, 70, 40, 13, 2, 45, 28, 33, 82, 54, 42, 61, 59, 76]
Dlugosc cyklu:
12315
Algorytm GCY
Lista wierzcholkow: 
[11, 54, 82, 33, 6, 8, 86, 24, 80, 67, 84, 29, 28, 45, 42, 2, 13, 70, 40, 99, 47, 51, 77, 95, 4, 36, 38, 49, 43, 72, 1, 63, 53, 39, 68, 66, 27, 92, 57, 60, 50, 56, 19, 76, 22, 59, 61, 85, 34, 26]
Dlugosc cyklu:
12482
Algorytm ŻALU
Lista wierzcholkow: 
[11, 61, 59, 22, 44, 31, 10, 73, 71, 9, 98, 23, 17, 93, 69, 25, 3, 18, 96, 55, 79, 88, 7, 91, 5, 0, 27, 66, 57, 50, 24, 68, 53, 1, 49, 81, 94, 32, 4, 95, 38, 29, 47, 99, 40, 42, 28, 33, 54, 26]
Dlugosc cyklu:
16562
First vertex:  47
Algorytm NNG
Lista wierzcholkow: 
[47, 99, 70, 40, 13, 2, 45, 28, 33, 82, 54, 11, 26, 85, 34, 19, 56, 6, 8, 86, 50, 60, 24, 80, 68, 72, 49, 43, 1, 53, 39, 63, 67, 84, 38, 29, 95, 77, 51, 4, 36, 32, 75, 12, 94, 81, 57, 27, 92, 66]
Dlugosc cyklu:
13003
Algorytm GCY
Lista wierzcholkow: 
[47, 13, 28, 33, 82, 54, 8, 6, 86, 24, 80, 67, 84, 29, 51, 77, 95, 4, 36, 38, 49, 43, 72, 1, 63, 53, 39, 68, 66, 27, 92, 57, 60, 50, 56, 11, 19, 76, 22, 59, 61, 85, 34, 26, 45, 42, 2, 70, 40, 99]
Dlugosc cyklu:
13185
Algorytm ŻALU
Lista wierzcholkow: 
[47, 29, 95, 36, 32, 94, 81, 1, 63, 68, 67, 80, 60, 57, 66, 0, 62, 91, 7, 41, 30, 55, 96, 18, 3, 65, 69, 21, 93, 17, 23, 98, 9, 71, 58, 14, 31, 44, 22, 59, 61, 34, 19, 8, 54, 33, 45, 2, 13, 99]
Dlugosc cyklu:
15433
First vertex:  24
Algorytm NNG
Lista wierzcholkow: 
[24, 80, 60, 50, 86, 8, 6, 56, 19, 11, 26, 85, 34, 61, 59, 76, 22, 97, 90, 44, 31, 10, 14, 16, 73, 20, 58, 71, 9, 83, 35, 37, 23, 17, 78, 52, 87, 15, 21, 93, 69, 65, 64, 3, 96, 55, 79, 30, 88, 41]
Dlugosc cyklu:
10338
Algorytm GCY
Lista wierzcholkow: 
[24, 8, 6, 33, 82, 54, 11, 26, 34, 85, 61, 59, 22, 76, 19, 56, 86, 50, 60, 57, 92, 27, 66, 68, 39, 53, 63, 1, 72, 43, 49, 38, 36, 4, 95, 77, 51, 47, 99, 40, 70, 13, 2, 42, 45, 28, 29, 84, 67, 80]
Dlugosc cyklu:
12467
Algorytm ŻALU
Lista wierzcholkow: 
[24, 86, 56, 76, 61, 34, 26, 11, 82, 33, 28, 42, 40, 99, 47, 29, 38, 95, 4, 32, 94, 81, 43, 39, 88, 79, 55, 96, 18, 3, 65, 69, 21, 87, 52, 78, 17, 23, 35, 58, 10, 31, 90, 46, 62, 91, 0, 92, 57, 80]
Dlugosc cyklu:
15668
First vertex:  95
Algorytm NNG
Lista wierzcholkow: 
[95, 77, 51, 4, 36, 32, 75, 12, 94, 81, 49, 43, 72, 67, 84, 38, 29, 47, 99, 70, 40, 13, 2, 45, 28, 33, 82, 54, 11, 26, 85, 34, 19, 56, 6, 8, 86, 50, 60, 24, 80, 68, 63, 39, 53, 1, 66, 27, 92, 57]
Dlugosc cyklu:
12179
Algorytm GCY
Lista wierzcholkow: 
[95, 29, 84, 67, 72, 80, 24, 8, 6, 33, 82, 54, 11, 26, 34, 85, 61, 59, 22, 44, 14, 16, 73, 10, 31, 46, 90, 97, 76, 19, 56, 86, 50, 60, 57, 92, 27, 66, 68, 63, 39, 53, 1, 43, 49, 38, 36, 4, 51, 77]
Dlugosc cyklu:
12512
Algorytm ŻALU
Lista wierzcholkow: 
[95, 36, 32, 94, 81, 1, 63, 68, 67, 80, 60, 57, 66, 0, 62, 91, 7, 88, 79, 55, 96, 18, 3, 25, 69, 93, 17, 37, 35, 9, 71, 20, 14, 31, 44, 22, 59, 61, 34, 19, 6, 54, 33, 45, 2, 13, 99, 47, 29, 77]
Dlugosc cyklu:
15580
First vertex:  18
Algorytm NNG
Lista wierzcholkow: 
[18, 74, 96, 55, 79, 30, 88, 41, 7, 91, 0, 62, 5, 48, 89, 9, 83, 71, 20, 73, 58, 16, 14, 10, 31, 90, 97, 22, 44, 46, 92, 27, 66, 57, 60, 24, 80, 68, 72, 49, 43, 1, 53, 39, 63, 67, 84, 38, 29, 95]
Dlugosc cyklu:
14142
Algorytm GCY
Lista wierzcholkow: 
[18, 52, 78, 89, 48, 5, 62, 91, 7, 41, 79, 30, 88, 66, 57, 27, 92, 0, 46, 97, 22, 90, 44, 31, 10, 14, 16, 20, 73, 58, 71, 9, 83, 35, 98, 37, 23, 17, 87, 15, 93, 21, 69, 65, 25, 64, 3, 96, 55, 74]
Dlugosc cyklu:
11968
Algorytm ŻALU
Lista wierzcholkow: 
[18, 3, 65, 69, 21, 52, 78, 17, 23, 98, 35, 9, 71, 58, 14, 31, 44, 22, 59, 61, 34, 19, 6, 54, 42, 40, 99, 47, 29, 38, 95, 4, 32, 94, 81, 43, 53, 68, 80, 60, 57, 66, 0, 62, 91, 7, 88, 79, 55, 74]
Dlugosc cyklu:
15915
First vertex:  23
Algorytm NNG
Lista wierzcholkow: 
[23, 37, 35, 98, 17, 78, 52, 87, 15, 21, 93, 69, 65, 64, 3, 96, 55, 79, 30, 88, 41, 7, 91, 0, 62, 5, 48, 89, 9, 83, 71, 20, 73, 58, 16, 14, 10, 31, 90, 97, 22, 44, 46, 92, 27, 66, 57, 60, 24, 80]
Dlugosc cyklu:
12905
Algorytm GCY
Lista wierzcholkow: 
[23, 17, 78, 87, 93, 21, 69, 15, 52, 18, 65, 25, 64, 3, 96, 55, 74, 79, 30, 88, 41, 7, 91, 0, 48, 5, 62, 89, 9, 83, 71, 20, 73, 46, 31, 90, 97, 22, 76, 19, 61, 59, 44, 10, 14, 16, 58, 35, 98, 37]
Dlugosc cyklu:
13076
Algorytm ŻALU
Lista wierzcholkow: 
[23, 17, 78, 87, 69, 65, 3, 18, 96, 55, 79, 41, 7, 91, 5, 0, 92, 66, 24, 68, 53, 1, 49, 81, 94, 32, 4, 95, 38, 29, 47, 99, 40, 42, 28, 33, 8, 11, 26, 34, 61, 59, 97, 31, 16, 58, 71, 83, 35, 37]
Dlugosc cyklu:
15643
First vertex:  83
Algorytm NNG
Lista wierzcholkow: 
[83, 9, 71, 20, 73, 58, 16, 14, 10, 31, 90, 97, 22, 44, 46, 62, 5, 48, 89, 78, 52, 87, 15, 21, 93, 69, 65, 64, 3, 96, 55, 79, 30, 88, 41, 7, 91, 0, 92, 27, 66, 57, 60, 24, 80, 68, 72, 49, 43, 1]
Dlugosc cyklu:
12906
Algorytm GCY
Lista wierzcholkow: 
[83, 89, 62, 5, 48, 0, 91, 7, 41, 88, 30, 79, 74, 55, 96, 3, 64, 25, 65, 18, 52, 15, 69, 21, 93, 87, 78, 17, 23, 37, 98, 35, 58, 16, 14, 44, 59, 61, 19, 76, 22, 97, 90, 46, 31, 10, 73, 20, 71, 9]
Dlugosc cyklu:
13093
Algorytm ŻALU
Lista wierzcholkow: 
[83, 17, 37, 98, 58, 10, 31, 44, 22, 59, 61, 34, 19, 6, 54, 28, 42, 40, 99, 47, 29, 38, 95, 4, 32, 94, 81, 43, 53, 68, 80, 60, 57, 66, 0, 91, 7, 88, 79, 55, 96, 3, 65, 69, 87, 52, 18, 74, 48, 9]
Dlugosc cyklu:
16060
First vertex:  50
Algorytm NNG
Lista wierzcholkow: 
[50, 86, 8, 6, 56, 19, 11, 26, 85, 34, 61, 59, 76, 22, 97, 90, 44, 31, 10, 14, 16, 73, 20, 58, 71, 9, 83, 35, 37, 23, 17, 78, 52, 87, 15, 21, 93, 69, 65, 64, 3, 96, 55, 79, 30, 88, 41, 7, 91, 0]
Dlugosc cyklu:
10363
Algorytm GCY
Lista wierzcholkow: 
[50, 60, 57, 92, 27, 66, 68, 39, 53, 63, 1, 72, 43, 49, 38, 36, 4, 95, 77, 51, 47, 99, 40, 70, 13, 2, 42, 45, 28, 29, 84, 67, 80, 24, 8, 6, 33, 82, 54, 11, 26, 34, 85, 61, 59, 22, 76, 19, 56, 86]
Dlugosc cyklu:
12467
Algorytm ŻALU
Lista wierzcholkow: 
[50, 76, 59, 22, 90, 31, 16, 73, 71, 9, 35, 37, 17, 78, 52, 15, 69, 65, 3, 18, 74, 96, 55, 79, 88, 7, 91, 62, 0, 92, 66, 53, 43, 81, 94, 32, 4, 95, 38, 29, 47, 99, 40, 42, 28, 33, 54, 26, 6, 86]
Dlugosc cyklu:
15584
First vertex:  68
Algorytm NNG
Lista wierzcholkow: 
[68, 72, 49, 43, 1, 53, 39, 63, 80, 24, 60, 50, 86, 8, 6, 56, 19, 11, 26, 85, 34, 61, 59, 76, 22, 97, 90, 44, 31, 10, 14, 16, 73, 20, 58, 71, 9, 83, 35, 37, 23, 17, 78, 52, 87, 15, 21, 93, 69, 65]
Dlugosc cyklu:
11693
Algorytm GCY
Lista wierzcholkow: 
[68, 63, 39, 53, 1, 43, 49, 38, 36, 4, 95, 77, 51, 47, 99, 40, 70, 13, 2, 42, 45, 28, 29, 84, 67, 72, 80, 24, 8, 6, 33, 82, 54, 11, 26, 34, 85, 61, 59, 22, 76, 19, 56, 86, 50, 60, 57, 92, 27, 66]
Dlugosc cyklu:
12153
Algorytm ŻALU
Lista wierzcholkow: 
[68, 80, 60, 57, 66, 0, 62, 91, 7, 88, 79, 55, 96, 74, 18, 64, 69, 21, 93, 17, 23, 35, 9, 71, 73, 14, 31, 44, 22, 59, 61, 34, 19, 6, 54, 33, 45, 2, 13, 99, 47, 29, 51, 36, 32, 94, 81, 1, 53, 72]
Dlugosc cyklu:
15241
First vertex:  34
Algorytm NNG
Lista wierzcholkow: 
[34, 85, 26, 11, 19, 56, 6, 8, 86, 50, 60, 24, 80, 68, 72, 49, 43, 1, 53, 39, 63, 67, 84, 38, 29, 95, 77, 51, 4, 36, 32, 75, 12, 94, 81, 47, 99, 70, 40, 13, 2, 45, 28, 33, 82, 54, 42, 61, 59, 76]
Dlugosc cyklu:
12148
Algorytm GCY
Lista wierzcholkow: 
[34, 26, 11, 54, 82, 33, 6, 8, 86, 24, 80, 67, 84, 29, 28, 45, 42, 2, 13, 70, 40, 99, 47, 51, 77, 95, 4, 36, 38, 49, 43, 72, 1, 63, 53, 39, 68, 66, 27, 92, 57, 60, 50, 56, 19, 76, 22, 59, 61, 85]
Dlugosc cyklu:
12482
Algorytm ŻALU
Lista wierzcholkow: 
[34, 54, 33, 28, 42, 40, 99, 47, 29, 38, 95, 4, 32, 94, 81, 1, 63, 68, 67, 80, 60, 57, 66, 0, 62, 91, 7, 88, 79, 55, 96, 18, 3, 65, 69, 87, 78, 17, 23, 35, 9, 20, 14, 31, 44, 22, 59, 61, 56, 85]
Dlugosc cyklu:
16091
First vertex:  60
Algorytm NNG
Lista wierzcholkow: 
[60, 24, 80, 68, 72, 49, 43, 1, 53, 39, 63, 67, 84, 38, 29, 95, 77, 51, 4, 36, 32, 75, 12, 94, 81, 47, 99, 70, 40, 13, 2, 45, 28, 33, 82, 54, 11, 26, 85, 34, 19, 56, 6, 8, 86, 50, 57, 27, 92, 66]
Dlugosc cyklu:
11491
Algorytm GCY
Lista wierzcholkow: 
[60, 57, 92, 27, 66, 68, 39, 53, 63, 1, 72, 43, 49, 38, 36, 4, 95, 77, 51, 47, 99, 40, 70, 13, 2, 42, 45, 28, 29, 84, 67, 80, 24, 8, 6, 33, 82, 54, 11, 26, 34, 85, 61, 59, 22, 76, 19, 56, 86, 50]
Dlugosc cyklu:
12467
Algorytm ŻALU
Lista wierzcholkow: 
[60, 57, 66, 0, 62, 91, 7, 41, 30, 55, 96, 18, 3, 25, 69, 21, 52, 78, 17, 23, 98, 58, 10, 31, 44, 22, 59, 61, 34, 19, 6, 54, 33, 45, 2, 13, 99, 47, 29, 77, 36, 32, 94, 81, 1, 39, 68, 72, 84, 24]
Dlugosc cyklu:
15907
First vertex:  25
Algorytm NNG
Lista wierzcholkow: 
[25, 64, 65, 3, 96, 55, 79, 30, 88, 41, 7, 91, 0, 62, 5, 48, 89, 9, 83, 71, 20, 73, 58, 16, 14, 10, 31, 90, 97, 22, 44, 46, 92, 27, 66, 57, 60, 24, 80, 68, 72, 49, 43, 1, 53, 39, 63, 67, 84, 38]
Dlugosc cyklu:
14285
Algorytm GCY
Lista wierzcholkow: 
[25, 65, 3, 96, 55, 74, 18, 52, 78, 89, 48, 5, 62, 91, 7, 41, 79, 30, 88, 66, 57, 27, 92, 0, 46, 97, 22, 90, 44, 31, 10, 14, 16, 20, 73, 58, 71, 9, 83, 35, 98, 37, 23, 17, 87, 15, 93, 21, 69, 64]
Dlugosc cyklu:
12149
Algorytm ŻALU
Lista wierzcholkow: 
[25, 96, 55, 30, 41, 7, 91, 48, 0, 92, 66, 57, 50, 24, 68, 53, 1, 49, 81, 94, 32, 4, 95, 38, 29, 47, 99, 40, 42, 28, 33, 82, 8, 11, 26, 34, 61, 59, 22, 44, 31, 14, 58, 98, 23, 17, 93, 21, 69, 64]
Dlugosc cyklu:
16147
First vertex:  73
Algorytm NNG
Lista wierzcholkow: 
[73, 20, 58, 71, 9, 83, 35, 37, 23, 17, 78, 52, 87, 15, 21, 93, 69, 65, 64, 3, 96, 55, 79, 30, 88, 41, 7, 91, 0, 62, 5, 48, 89, 18, 74, 25, 98, 16, 14, 10, 31, 90, 97, 22, 44, 46, 92, 27, 66, 57]
Dlugosc cyklu:
14846
Algorytm GCY
Lista wierzcholkow: 
[73, 46, 31, 90, 97, 22, 76, 19, 61, 59, 44, 10, 14, 16, 58, 35, 98, 37, 23, 17, 78, 87, 93, 21, 69, 15, 52, 18, 65, 25, 64, 3, 96, 55, 74, 79, 30, 88, 41, 7, 91, 0, 48, 5, 62, 89, 83, 9, 71, 20]
Dlugosc cyklu:
13114
Algorytm ŻALU
Lista wierzcholkow: 
[73, 16, 31, 90, 22, 59, 61, 34, 26, 11, 8, 33, 28, 42, 40, 99, 47, 29, 38, 95, 4, 32, 94, 81, 49, 1, 53, 68, 24, 66, 92, 0, 48, 7, 41, 79, 55, 96, 3, 25, 69, 21, 52, 78, 17, 37, 35, 9, 71, 20]
Dlugosc cyklu:
16000
First vertex:  90
Algorytm NNG
Lista wierzcholkow: 
[90, 97, 22, 44, 31, 10, 14, 16, 73, 20, 58, 71, 9, 83, 35, 37, 23, 17, 78, 52, 87, 15, 21, 93, 69, 65, 64, 3, 96, 55, 79, 30, 88, 41, 7, 91, 0, 62, 5, 48, 89, 18, 74, 25, 98, 46, 92, 27, 66, 57]
Dlugosc cyklu:
14334
Algorytm GCY
Lista wierzcholkow: 
[90, 46, 31, 10, 9, 83, 89, 62, 5, 48, 0, 91, 7, 41, 88, 30, 79, 74, 55, 96, 3, 64, 25, 65, 18, 52, 15, 69, 21, 93, 87, 78, 17, 23, 37, 98, 35, 71, 20, 73, 58, 16, 14, 44, 59, 61, 19, 76, 22, 97]
Dlugosc cyklu:
13266
Algorytm ŻALU
Lista wierzcholkow: 
[90, 31, 10, 20, 71, 9, 35, 23, 17, 78, 87, 69, 65, 3, 18, 96, 55, 79, 88, 7, 91, 5, 0, 27, 66, 57, 60, 80, 68, 53, 1, 49, 81, 94, 32, 4, 51, 29, 47, 99, 13, 2, 45, 33, 8, 11, 85, 61, 59, 97]
Dlugosc cyklu:
15036
First vertex:  63
Algorytm NNG
Lista wierzcholkow: 
[63, 39, 53, 1, 43, 49, 72, 67, 84, 38, 29, 95, 77, 51, 4, 36, 32, 75, 12, 94, 81, 68, 80, 24, 60, 50, 86, 8, 6, 56, 19, 11, 26, 85, 34, 61, 59, 76, 22, 97, 90, 44, 31, 10, 14, 16, 73, 20, 58, 71]
Dlugosc cyklu:
11808
Algorytm GCY
Lista wierzcholkow: 
[63, 68, 66, 27, 92, 57, 60, 50, 86, 56, 19, 76, 22, 59, 61, 85, 34, 26, 11, 54, 82, 33, 6, 8, 24, 80, 72, 67, 84, 29, 28, 45, 42, 2, 13, 70, 40, 99, 47, 51, 77, 95, 4, 36, 38, 49, 43, 1, 53, 39]
Dlugosc cyklu:
12153
Algorytm ŻALU
Lista wierzcholkow: 
[63, 72, 49, 81, 94, 32, 4, 95, 38, 29, 47, 99, 40, 42, 54, 6, 19, 34, 61, 59, 22, 44, 31, 14, 58, 71, 9, 35, 23, 17, 78, 52, 21, 69, 64, 96, 55, 79, 41, 7, 91, 48, 0, 92, 66, 57, 60, 80, 68, 39]
Dlugosc cyklu:
15331
First vertex:  72
Algorytm NNG
Lista wierzcholkow: 
[72, 49, 43, 1, 53, 39, 63, 68, 80, 24, 60, 50, 86, 8, 6, 56, 19, 11, 26, 85, 34, 61, 59, 76, 22, 97, 90, 44, 31, 10, 14, 16, 73, 20, 58, 71, 9, 83, 35, 37, 23, 17, 78, 52, 87, 15, 21, 93, 69, 65]
Dlugosc cyklu:
11686
Algorytm GCY
Lista wierzcholkow: 
[72, 80, 24, 8, 6, 33, 82, 54, 11, 26, 34, 85, 61, 59, 22, 76, 19, 56, 86, 50, 60, 57, 92, 27, 66, 68, 63, 39, 53, 1, 43, 49, 38, 36, 4, 95, 77, 51, 47, 99, 40, 70, 13, 2, 42, 45, 28, 29, 84, 67]
Dlugosc cyklu:
12153
Algorytm ŻALU
Lista wierzcholkow: 
[72, 68, 80, 60, 57, 66, 0, 62, 91, 7, 88, 79, 55, 96, 18, 3, 25, 69, 21, 93, 17, 23, 98, 9, 71, 73, 10, 31, 44, 22, 59, 61, 34, 19, 6, 54, 33, 45, 2, 13, 99, 47, 29, 51, 36, 75, 94, 81, 1, 49]
Dlugosc cyklu:
15557
First vertex:  27
Algorytm NNG
Lista wierzcholkow: 
[27, 92, 57, 60, 24, 80, 68, 72, 49, 43, 1, 53, 39, 63, 67, 84, 38, 29, 95, 77, 51, 4, 36, 32, 75, 12, 94, 81, 47, 99, 70, 40, 13, 2, 45, 28, 33, 82, 54, 11, 26, 85, 34, 19, 56, 6, 8, 86, 50, 76]
Dlugosc cyklu:
11737
Algorytm GCY
Lista wierzcholkow: 
[27, 66, 53, 39, 63, 1, 43, 49, 38, 36, 4, 95, 77, 51, 47, 99, 40, 70, 13, 2, 42, 45, 28, 29, 84, 67, 72, 68, 80, 24, 8, 6, 33, 82, 54, 11, 26, 34, 85, 61, 59, 22, 76, 19, 56, 86, 50, 60, 57, 92]
Dlugosc cyklu:
12175
Algorytm ŻALU
Lista wierzcholkow: 
[27, 66, 57, 50, 80, 68, 53, 1, 49, 81, 94, 32, 4, 51, 29, 47, 99, 13, 2, 45, 33, 54, 6, 19, 34, 61, 59, 22, 90, 31, 16, 58, 98, 23, 17, 78, 52, 15, 69, 25, 3, 96, 55, 79, 41, 7, 91, 5, 0, 92]
Dlugosc cyklu:
15512
First vertex:  12
Algorytm NNG
Lista wierzcholkow: 
[12, 32, 75, 94, 81, 49, 43, 72, 67, 84, 38, 29, 95, 77, 51, 4, 36, 47, 99, 70, 40, 13, 2, 45, 28, 33, 82, 54, 11, 26, 85, 34, 19, 56, 6, 8, 86, 50, 60, 24, 80, 68, 63, 39, 53, 1, 66, 27, 92, 57]
Dlugosc cyklu:
12651
Algorytm GCY
Lista wierzcholkow: 
[12, 36, 4, 51, 77, 95, 29, 38, 84, 67, 72, 49, 43, 80, 24, 8, 6, 33, 82, 54, 11, 26, 34, 85, 61, 59, 22, 44, 31, 90, 97, 76, 19, 56, 86, 50, 60, 57, 92, 27, 66, 68, 63, 39, 53, 1, 81, 94, 75, 32]
Dlugosc cyklu:
11935
Algorytm ŻALU
Lista wierzcholkow: 
[12, 94, 81, 49, 1, 53, 68, 80, 60, 57, 66, 0, 62, 91, 7, 88, 79, 55, 96, 18, 3, 65, 69, 87, 78, 17, 23, 98, 58, 14, 31, 44, 22, 76, 61, 34, 19, 6, 54, 33, 45, 2, 13, 99, 47, 29, 38, 77, 36, 32]
Dlugosc cyklu:
15357
First vertex:  35
Algorytm NNG
Lista wierzcholkow: 
[35, 37, 23, 17, 78, 52, 87, 15, 21, 93, 69, 65, 64, 3, 96, 55, 79, 30, 88, 41, 7, 91, 0, 62, 5, 48, 89, 9, 83, 71, 20, 73, 58, 16, 14, 10, 31, 90, 97, 22, 44, 46, 92, 27, 66, 57, 60, 24, 80, 68]
Dlugosc cyklu:
12500
Algorytm GCY
Lista wierzcholkow: 
[35, 58, 16, 14, 44, 59, 61, 19, 76, 22, 97, 90, 46, 31, 10, 73, 20, 71, 83, 9, 89, 62, 5, 48, 0, 91, 7, 41, 88, 30, 79, 74, 55, 96, 3, 64, 25, 65, 18, 52, 15, 69, 21, 93, 87, 78, 17, 23, 37, 98]
Dlugosc cyklu:
13055
Algorytm ŻALU
Lista wierzcholkow: 
[35, 58, 14, 31, 97, 59, 61, 34, 26, 11, 8, 82, 33, 28, 42, 40, 99, 47, 29, 38, 95, 4, 32, 94, 81, 49, 1, 53, 68, 80, 60, 57, 66, 0, 62, 91, 7, 88, 79, 55, 96, 18, 3, 65, 69, 21, 52, 78, 17, 37]
Dlugosc cyklu:
15517
First vertex:  96
Algorytm NNG
Lista wierzcholkow: 
[96, 55, 79, 30, 88, 41, 7, 91, 0, 62, 5, 48, 89, 9, 83, 71, 20, 73, 58, 16, 14, 10, 31, 90, 97, 22, 44, 46, 92, 27, 66, 57, 60, 24, 80, 68, 72, 49, 43, 1, 53, 39, 63, 67, 84, 38, 29, 95, 77, 51]
Dlugosc cyklu:
13750
Algorytm GCY
Lista wierzcholkow: 
[96, 3, 64, 25, 65, 69, 21, 93, 15, 87, 17, 23, 37, 98, 35, 83, 9, 71, 58, 73, 20, 16, 14, 10, 31, 44, 90, 22, 97, 46, 0, 92, 27, 57, 66, 88, 30, 79, 41, 7, 91, 62, 5, 48, 89, 78, 52, 18, 74, 55]
Dlugosc cyklu:
11968
Algorytm ŻALU
Lista wierzcholkow: 
[96, 18, 3, 65, 69, 21, 93, 17, 23, 98, 58, 16, 31, 90, 22, 59, 61, 34, 26, 11, 8, 33, 28, 42, 40, 99, 47, 29, 38, 95, 4, 32, 94, 81, 49, 1, 53, 68, 24, 50, 57, 66, 27, 0, 5, 91, 7, 88, 79, 55]
Dlugosc cyklu:
15855
First vertex:  40
Algorytm NNG
Lista wierzcholkow: 
[40, 70, 99, 47, 13, 2, 45, 28, 33, 82, 54, 11, 26, 85, 34, 19, 56, 6, 8, 86, 50, 60, 24, 80, 68, 72, 49, 43, 1, 53, 39, 63, 67, 84, 38, 29, 95, 77, 51, 4, 36, 32, 75, 12, 94, 81, 57, 27, 92, 66]
Dlugosc cyklu:
13186
Algorytm GCY
Lista wierzcholkow: 
[40, 99, 47, 13, 28, 33, 82, 54, 8, 6, 86, 24, 80, 67, 84, 29, 51, 77, 95, 4, 36, 38, 49, 43, 72, 1, 63, 53, 39, 68, 66, 27, 92, 57, 60, 50, 56, 11, 19, 76, 22, 59, 61, 85, 34, 26, 45, 42, 2, 70]
Dlugosc cyklu:
13185
Algorytm ŻALU
Lista wierzcholkow: 
[40, 2, 28, 33, 54, 6, 19, 34, 61, 76, 22, 44, 31, 14, 58, 35, 23, 17, 93, 21, 69, 25, 3, 18, 96, 55, 30, 41, 7, 91, 48, 0, 92, 66, 57, 50, 80, 68, 53, 1, 49, 81, 94, 75, 36, 51, 29, 47, 99, 70]
Dlugosc cyklu:
15873
First vertex:  1
Algorytm NNG
Lista wierzcholkow: 
[1, 43, 49, 72, 67, 84, 38, 29, 95, 77, 51, 4, 36, 32, 75, 12, 94, 81, 63, 39, 53, 68, 80, 24, 60, 50, 86, 8, 6, 56, 19, 11, 26, 85, 34, 61, 59, 76, 22, 97, 90, 44, 31, 10, 14, 16, 73, 20, 58, 71]
Dlugosc cyklu:
12161
Algorytm GCY
Lista wierzcholkow: 
[1, 53, 39, 63, 68, 66, 27, 92, 57, 60, 50, 86, 56, 19, 76, 22, 59, 61, 85, 34, 26, 11, 54, 82, 33, 6, 8, 24, 80, 72, 67, 84, 29, 28, 45, 42, 2, 13, 70, 40, 99, 47, 51, 77, 95, 4, 36, 38, 49, 43]
Dlugosc cyklu:
12153
Algorytm ŻALU
Lista wierzcholkow: 
[1, 63, 68, 80, 60, 57, 66, 0, 62, 91, 7, 88, 79, 55, 96, 74, 18, 64, 69, 21, 93, 17, 23, 98, 35, 9, 71, 58, 14, 31, 44, 97, 76, 61, 85, 11, 54, 33, 28, 42, 40, 99, 47, 29, 51, 36, 32, 94, 81, 43]
Dlugosc cyklu:
15541
First vertex:  94
Algorytm NNG
Lista wierzcholkow: 
[94, 12, 32, 75, 81, 49, 43, 72, 67, 84, 38, 29, 95, 77, 51, 4, 36, 47, 99, 70, 40, 13, 2, 45, 28, 33, 82, 54, 11, 26, 85, 34, 19, 56, 6, 8, 86, 50, 60, 24, 80, 68, 63, 39, 53, 1, 66, 27, 92, 57]
Dlugosc cyklu:
12747
Algorytm GCY
Lista wierzcholkow: 
[94, 75, 32, 12, 36, 4, 51, 77, 95, 29, 38, 84, 67, 72, 49, 43, 80, 24, 8, 6, 33, 82, 54, 11, 26, 34, 85, 61, 59, 22, 44, 31, 90, 97, 76, 19, 56, 86, 50, 60, 57, 92, 27, 66, 68, 63, 39, 53, 1, 81]
Dlugosc cyklu:
11935
Algorytm ŻALU
Lista wierzcholkow: 
[94, 81, 1, 63, 68, 67, 80, 60, 57, 66, 0, 62, 91, 7, 88, 79, 55, 96, 18, 3, 25, 69, 21, 93, 17, 23, 98, 9, 71, 73, 10, 31, 44, 22, 59, 61, 34, 19, 6, 54, 33, 45, 2, 13, 99, 47, 29, 51, 4, 12]
Dlugosc cyklu:
15756
First vertex:  31
Algorytm NNG
Lista wierzcholkow: 
[31, 10, 14, 16, 73, 20, 58, 71, 9, 83, 35, 37, 23, 17, 78, 52, 87, 15, 21, 93, 69, 65, 64, 3, 96, 55, 79, 30, 88, 41, 7, 91, 0, 62, 5, 48, 89, 18, 74, 25, 98, 46, 90, 97, 22, 44, 59, 61, 76, 19]
Dlugosc cyklu:
14877
Algorytm GCY
Lista wierzcholkow: 
[31, 46, 90, 97, 22, 76, 19, 61, 59, 44, 14, 16, 58, 73, 20, 71, 35, 98, 37, 23, 17, 78, 87, 93, 21, 69, 15, 52, 18, 65, 25, 64, 3, 96, 55, 74, 79, 30, 88, 41, 7, 91, 0, 48, 5, 62, 89, 83, 9, 10]
Dlugosc cyklu:
13266
Algorytm ŻALU
Lista wierzcholkow: 
[31, 90, 22, 59, 61, 34, 26, 11, 8, 82, 33, 28, 42, 40, 99, 47, 29, 38, 95, 4, 32, 94, 81, 49, 1, 53, 68, 80, 60, 57, 66, 0, 62, 91, 7, 88, 79, 55, 96, 74, 18, 64, 69, 21, 93, 17, 23, 98, 58, 10]
Dlugosc cyklu:
15592
First vertex:  13
Algorytm NNG
Lista wierzcholkow: 
[13, 2, 45, 28, 33, 82, 54, 11, 26, 85, 34, 19, 56, 6, 8, 86, 50, 60, 24, 80, 68, 72, 49, 43, 1, 53, 39, 63, 67, 84, 38, 29, 95, 77, 51, 4, 36, 32, 75, 12, 94, 81, 47, 99, 70, 40, 42, 61, 59, 76]
Dlugosc cyklu:
13124
Algorytm GCY
Lista wierzcholkow: 
[13, 28, 33, 82, 54, 8, 6, 86, 24, 80, 67, 84, 29, 51, 77, 95, 4, 36, 38, 49, 43, 72, 1, 63, 53, 39, 68, 66, 27, 92, 57, 60, 50, 56, 11, 19, 76, 22, 59, 61, 85, 34, 26, 45, 42, 2, 40, 70, 99, 47]
Dlugosc cyklu:
13171
Algorytm ŻALU
Lista wierzcholkow: 
[13, 28, 33, 54, 56, 26, 34, 61, 59, 22, 44, 31, 10, 20, 71, 83, 35, 37, 17, 93, 69, 25, 3, 18, 96, 55, 79, 88, 7, 91, 62, 0, 66, 57, 60, 80, 68, 53, 1, 81, 94, 32, 36, 84, 29, 51, 47, 99, 40, 2]
Dlugosc cyklu:
16451
First vertex:  19
Algorytm NNG
Lista wierzcholkow: 
[19, 11, 26, 85, 34, 61, 59, 76, 22, 97, 90, 44, 31, 10, 14, 16, 73, 20, 58, 71, 9, 83, 35, 37, 23, 17, 78, 52, 87, 15, 21, 93, 69, 65, 64, 3, 96, 55, 79, 30, 88, 41, 7, 91, 0, 62, 5, 48, 89, 18]
Dlugosc cyklu:
11828
Algorytm GCY
Lista wierzcholkow: 
[19, 76, 22, 59, 61, 85, 34, 26, 11, 54, 82, 33, 6, 8, 86, 24, 80, 67, 84, 29, 28, 45, 42, 2, 13, 70, 40, 99, 47, 51, 77, 95, 4, 36, 38, 49, 43, 72, 1, 63, 53, 39, 68, 66, 27, 92, 57, 60, 50, 56]
Dlugosc cyklu:
12482
Algorytm ŻALU
Lista wierzcholkow: 
[19, 61, 59, 22, 44, 31, 14, 20, 71, 9, 35, 37, 17, 78, 52, 21, 69, 25, 3, 18, 96, 55, 79, 41, 7, 91, 5, 0, 27, 66, 24, 68, 53, 1, 49, 81, 94, 32, 4, 95, 38, 29, 47, 99, 40, 42, 28, 33, 54, 11]
Dlugosc cyklu:
15860
First vertex:  9
Algorytm NNG
Lista wierzcholkow: 
[9, 83, 71, 20, 73, 58, 16, 14, 10, 31, 90, 97, 22, 44, 46, 62, 5, 48, 89, 78, 52, 87, 15, 21, 93, 69, 65, 64, 3, 96, 55, 79, 30, 88, 41, 7, 91, 0, 92, 27, 66, 57, 60, 24, 80, 68, 72, 49, 43, 1]
Dlugosc cyklu:
12811
Algorytm GCY
Lista wierzcholkow: 
[9, 71, 20, 73, 46, 31, 90, 97, 22, 76, 19, 61, 59, 44, 10, 14, 16, 58, 35, 98, 37, 23, 17, 78, 87, 93, 21, 69, 15, 52, 18, 65, 25, 64, 3, 96, 55, 74, 79, 30, 88, 41, 7, 91, 0, 48, 5, 62, 89, 83]
Dlugosc cyklu:
13114
Algorytm ŻALU
Lista wierzcholkow: 
[9, 48, 74, 18, 52, 87, 69, 65, 3, 96, 55, 79, 88, 7, 91, 0, 66, 57, 60, 80, 68, 53, 43, 81, 94, 32, 4, 95, 38, 29, 47, 99, 40, 42, 28, 54, 6, 19, 34, 61, 59, 22, 44, 31, 10, 58, 98, 37, 17, 83]
Dlugosc cyklu:
16060
First vertex:  15
Algorytm NNG
Lista wierzcholkow: 
[15, 87, 21, 93, 69, 52, 78, 17, 23, 37, 35, 98, 83, 9, 71, 20, 73, 58, 16, 14, 10, 31, 90, 97, 22, 44, 46, 62, 5, 48, 89, 18, 74, 96, 55, 79, 30, 88, 41, 7, 91, 0, 92, 27, 66, 57, 60, 24, 80, 68]
Dlugosc cyklu:
13228
Algorytm GCY
Lista wierzcholkow: 
[15, 69, 21, 93, 87, 17, 23, 37, 98, 35, 83, 9, 71, 58, 73, 20, 16, 14, 10, 31, 44, 90, 22, 97, 46, 0, 92, 27, 57, 66, 88, 30, 79, 41, 7, 91, 62, 5, 48, 89, 74, 55, 96, 3, 64, 25, 65, 18, 78, 52]
Dlugosc cyklu:
12456
Algorytm ŻALU
Lista wierzcholkow: 
[15, 69, 25, 3, 96, 55, 79, 41, 7, 91, 48, 0, 92, 66, 24, 68, 53, 1, 49, 81, 94, 32, 4, 95, 38, 29, 47, 99, 40, 42, 28, 33, 82, 8, 11, 26, 34, 61, 59, 22, 44, 31, 16, 58, 98, 23, 17, 78, 52, 87]
Dlugosc cyklu:
15939
First vertex:  0
Algorytm NNG
Lista wierzcholkow: 
[0, 62, 5, 48, 89, 9, 83, 71, 20, 73, 58, 16, 14, 10, 31, 90, 97, 22, 44, 46, 92, 27, 66, 57, 60, 24, 80, 68, 72, 49, 43, 1, 53, 39, 63, 67, 84, 38, 29, 95, 77, 51, 4, 36, 32, 75, 12, 94, 81, 47]
Dlugosc cyklu:
14094
Algorytm GCY
Lista wierzcholkow: 
[0, 46, 10, 16, 14, 31, 44, 90, 97, 22, 92, 27, 57, 66, 88, 30, 79, 41, 7, 91, 74, 55, 96, 3, 64, 25, 65, 18, 52, 15, 69, 21, 93, 87, 17, 23, 37, 98, 35, 58, 73, 20, 71, 83, 9, 78, 89, 48, 5, 62]
Dlugosc cyklu:
12754
Algorytm ŻALU
Lista wierzcholkow: 
[0, 92, 66, 57, 50, 80, 68, 53, 1, 49, 81, 94, 32, 4, 95, 38, 29, 47, 99, 40, 42, 54, 6, 19, 34, 61, 59, 22, 44, 31, 16, 20, 71, 9, 98, 23, 17, 93, 21, 69, 65, 3, 18, 96, 55, 79, 41, 7, 91, 62]
Dlugosc cyklu:
15898
First vertex:  44
Algorytm NNG
Lista wierzcholkow: 
[44, 90, 97, 22, 59, 61, 76, 19, 11, 26, 85, 34, 56, 6, 8, 86, 50, 60, 24, 80, 68, 72, 49, 43, 1, 53, 39, 63, 67, 84, 38, 29, 95, 77, 51, 4, 36, 32, 75, 12, 94, 81, 47, 99, 70, 40, 13, 2, 45, 28]
Dlugosc cyklu:
12696
Algorytm GCY
Lista wierzcholkow: 
[44, 59, 61, 19, 76, 22, 97, 90, 46, 31, 10, 9, 83, 89, 62, 5, 48, 0, 91, 7, 41, 88, 30, 79, 74, 55, 96, 3, 64, 25, 65, 18, 52, 15, 69, 21, 93, 87, 78, 17, 23, 37, 98, 35, 71, 20, 73, 58, 16, 14]
Dlugosc cyklu:
13266
Algorytm ŻALU
Lista wierzcholkow: 
[44, 61, 19, 6, 82, 42, 99, 47, 29, 95, 4, 32, 94, 81, 49, 1, 53, 80, 66, 27, 90, 46, 0, 91, 7, 41, 88, 30, 79, 55, 96, 74, 18, 3, 25, 69, 21, 87, 52, 78, 17, 23, 37, 98, 35, 83, 9, 71, 73, 14]
Dlugosc cyklu:
16647
First vertex:  4
Algorytm NNG
Lista wierzcholkow: 
[4, 36, 77, 51, 95, 38, 29, 47, 99, 70, 40, 13, 2, 45, 28, 33, 82, 54, 11, 26, 85, 34, 19, 56, 6, 8, 86, 50, 60, 24, 80, 68, 72, 49, 43, 1, 53, 39, 63, 67, 84, 81, 94, 12, 32, 75, 42, 61, 59, 76]
Dlugosc cyklu:
14436
Algorytm GCY
Lista wierzcholkow: 
[4, 51, 77, 95, 29, 84, 67, 72, 80, 24, 8, 6, 33, 82, 54, 11, 26, 34, 85, 61, 59, 22, 44, 14, 16, 73, 10, 31, 46, 90, 97, 76, 19, 56, 86, 50, 60, 57, 92, 27, 66, 68, 63, 39, 53, 1, 43, 49, 38, 36]
Dlugosc cyklu:
12512
Algorytm ŻALU
Lista wierzcholkow: 
[4, 95, 38, 29, 47, 99, 40, 42, 82, 56, 19, 34, 61, 76, 97, 44, 31, 14, 58, 71, 9, 98, 23, 17, 93, 21, 69, 25, 3, 18, 96, 55, 79, 88, 7, 91, 62, 0, 66, 57, 60, 80, 67, 68, 63, 1, 81, 94, 75, 36]
Dlugosc cyklu:
16580
First vertex:  67
Algorytm NNG
Lista wierzcholkow: 
[67, 84, 38, 29, 95, 77, 51, 4, 36, 32, 75, 12, 94, 81, 49, 43, 72, 68, 63, 39, 53, 1, 80, 24, 60, 50, 86, 8, 6, 56, 19, 11, 26, 85, 34, 61, 59, 76, 22, 97, 90, 44, 31, 10, 14, 16, 73, 20, 58, 71]
Dlugosc cyklu:
12151
Algorytm GCY
Lista wierzcholkow: 
[67, 72, 80, 24, 8, 6, 33, 82, 54, 11, 26, 34, 85, 61, 59, 22, 76, 19, 56, 86, 50, 60, 57, 92, 27, 66, 68, 63, 39, 53, 1, 43, 49, 38, 36, 4, 95, 77, 51, 47, 99, 40, 70, 13, 2, 42, 45, 28, 29, 84]
Dlugosc cyklu:
12153
Algorytm ŻALU
Lista wierzcholkow: 
[67, 72, 43, 1, 53, 68, 80, 60, 57, 66, 0, 62, 91, 7, 88, 79, 55, 96, 3, 25, 69, 21, 52, 78, 17, 23, 35, 71, 58, 16, 46, 90, 22, 59, 61, 34, 19, 6, 54, 33, 45, 2, 13, 99, 47, 51, 36, 94, 38, 84]
Dlugosc cyklu:
16060
First vertex:  62
Algorytm NNG
Lista wierzcholkow: 
[62, 5, 48, 89, 9, 83, 71, 20, 73, 58, 16, 14, 10, 31, 90, 97, 22, 44, 46, 0, 91, 7, 41, 88, 30, 79, 55, 96, 74, 18, 52, 78, 17, 23, 37, 35, 98, 93, 21, 15, 87, 69, 65, 64, 3, 25, 66, 27, 92, 57]
Dlugosc cyklu:
13425
Algorytm GCY
Lista wierzcholkow: 
[62, 91, 7, 41, 79, 30, 88, 66, 57, 27, 92, 0, 46, 97, 22, 90, 44, 31, 10, 14, 16, 20, 73, 58, 71, 9, 83, 35, 98, 37, 23, 17, 78, 87, 93, 21, 69, 15, 52, 18, 65, 25, 64, 3, 96, 55, 74, 89, 48, 5]
Dlugosc cyklu:
12215
Algorytm ŻALU
Lista wierzcholkow: 
[62, 89, 52, 65, 69, 21, 93, 17, 37, 35, 83, 71, 58, 16, 31, 44, 97, 76, 61, 85, 11, 54, 33, 28, 42, 40, 99, 47, 29, 38, 95, 4, 32, 94, 81, 49, 1, 53, 68, 80, 60, 57, 66, 7, 88, 79, 55, 96, 74, 5]
Dlugosc cyklu:
15777
First vertex:  46
Algorytm NNG
Lista wierzcholkow: 
[46, 31, 10, 14, 16, 73, 20, 58, 71, 9, 83, 35, 37, 23, 17, 78, 52, 87, 15, 21, 93, 69, 65, 64, 3, 96, 55, 79, 30, 88, 41, 7, 91, 0, 62, 5, 48, 89, 18, 74, 25, 98, 44, 90, 97, 22, 59, 61, 76, 19]
Dlugosc cyklu:
14874
Algorytm GCY
Lista wierzcholkow: 
[46, 97, 22, 90, 44, 31, 14, 16, 10, 58, 73, 20, 71, 35, 98, 37, 23, 17, 93, 21, 69, 15, 87, 52, 78, 83, 9, 89, 48, 5, 62, 91, 7, 41, 74, 18, 65, 25, 64, 3, 96, 55, 79, 30, 88, 66, 57, 27, 92, 0]
Dlugosc cyklu:
12424
Algorytm ŻALU
Lista wierzcholkow: 
[46, 73, 35, 37, 17, 78, 52, 15, 69, 65, 64, 3, 96, 55, 79, 41, 7, 91, 5, 0, 66, 57, 60, 80, 68, 53, 1, 49, 81, 94, 32, 4, 95, 38, 29, 47, 99, 40, 42, 28, 33, 54, 6, 19, 34, 61, 59, 22, 44, 31]
Dlugosc cyklu:
15352
First vertex:  89
Algorytm NNG
Lista wierzcholkow: 
[89, 48, 5, 62, 0, 91, 7, 41, 88, 30, 79, 55, 96, 74, 18, 52, 78, 17, 23, 37, 35, 98, 83, 9, 71, 20, 73, 58, 16, 14, 10, 31, 90, 97, 22, 44, 46, 92, 27, 66, 57, 60, 24, 80, 68, 72, 49, 43, 1, 53]
Dlugosc cyklu:
12853
Algorytm GCY
Lista wierzcholkow: 
[89, 74, 55, 96, 3, 64, 25, 65, 18, 52, 15, 69, 21, 93, 87, 78, 17, 23, 37, 98, 35, 83, 9, 71, 58, 73, 20, 16, 14, 10, 31, 44, 90, 22, 97, 46, 0, 92, 27, 57, 66, 88, 30, 79, 41, 7, 91, 62, 5, 48]
Dlugosc cyklu:
12215
Algorytm ŻALU
Lista wierzcholkow: 
[89, 52, 65, 69, 21, 93, 17, 23, 98, 58, 16, 31, 44, 22, 59, 61, 34, 26, 11, 8, 82, 33, 28, 42, 40, 99, 47, 29, 38, 95, 4, 32, 94, 81, 49, 1, 53, 68, 80, 60, 57, 92, 66, 88, 79, 55, 96, 74, 91, 48]
Dlugosc cyklu:
15901
First vertex:  59
Algorytm NNG
Lista wierzcholkow: 
[59, 61, 76, 22, 97, 90, 44, 31, 10, 14, 16, 73, 20, 58, 71, 9, 83, 35, 37, 23, 17, 78, 52, 87, 15, 21, 93, 69, 65, 64, 3, 96, 55, 79, 30, 88, 41, 7, 91, 0, 62, 5, 48, 89, 18, 74, 25, 98, 46, 92]
Dlugosc cyklu:
14403
Algorytm GCY
Lista wierzcholkow: 
[59, 76, 22, 97, 90, 44, 31, 14, 16, 10, 46, 62, 20, 73, 58, 71, 9, 83, 35, 37, 23, 17, 78, 87, 52, 18, 89, 48, 5, 91, 7, 0, 92, 27, 66, 57, 60, 80, 24, 50, 86, 56, 8, 6, 19, 11, 26, 85, 34, 61]
Dlugosc cyklu:
11107
Algorytm ŻALU
Lista wierzcholkow: 
[59, 97, 31, 14, 58, 71, 9, 35, 98, 23, 17, 93, 21, 69, 65, 3, 18, 74, 96, 55, 79, 88, 7, 91, 62, 0, 66, 57, 60, 80, 67, 68, 63, 1, 81, 94, 75, 36, 51, 29, 47, 99, 40, 42, 28, 54, 6, 19, 34, 61]
Dlugosc cyklu:
16099
First vertex:  26
Algorytm NNG
Lista wierzcholkow: 
[26, 85, 34, 19, 11, 6, 8, 56, 86, 50, 60, 24, 80, 68, 72, 49, 43, 1, 53, 39, 63, 67, 84, 38, 29, 95, 77, 51, 4, 36, 32, 75, 12, 94, 81, 47, 99, 70, 40, 13, 2, 45, 28, 33, 82, 54, 42, 61, 59, 76]
Dlugosc cyklu:
12340
Algorytm GCY
Lista wierzcholkow: 
[26, 34, 85, 61, 59, 22, 76, 19, 56, 50, 60, 57, 92, 27, 66, 68, 39, 53, 63, 1, 72, 43, 49, 38, 36, 4, 95, 77, 51, 47, 99, 40, 70, 13, 2, 42, 45, 28, 29, 84, 67, 80, 24, 86, 8, 6, 33, 82, 54, 11]
Dlugosc cyklu:
12482
Algorytm ŻALU
Lista wierzcholkow: 
[26, 11, 54, 33, 45, 2, 13, 99, 47, 29, 38, 77, 36, 32, 94, 81, 43, 72, 67, 80, 60, 57, 66, 0, 62, 91, 7, 88, 79, 55, 96, 74, 18, 64, 69, 21, 93, 17, 37, 35, 9, 71, 20, 14, 31, 44, 22, 76, 61, 85]
Dlugosc cyklu:
14571
First vertex:  71
Algorytm NNG
Lista wierzcholkow: 
[71, 20, 73, 58, 16, 14, 10, 31, 90, 97, 22, 44, 46, 62, 5, 48, 89, 9, 83, 35, 37, 23, 17, 78, 52, 87, 15, 21, 93, 69, 65, 64, 3, 96, 55, 79, 30, 88, 41, 7, 91, 0, 92, 27, 66, 57, 60, 24, 80, 68]
Dlugosc cyklu:
12108
Algorytm GCY
Lista wierzcholkow: 
[71, 9, 83, 89, 62, 5, 48, 0, 91, 7, 41, 88, 30, 79, 74, 55, 96, 3, 64, 25, 65, 18, 52, 15, 69, 21, 93, 87, 78, 17, 23, 37, 98, 35, 58, 16, 14, 44, 59, 61, 19, 76, 22, 97, 90, 46, 31, 10, 73, 20]
Dlugosc cyklu:
13093
Algorytm ŻALU
Lista wierzcholkow: 
[71, 83, 35, 37, 17, 93, 21, 69, 64, 18, 74, 96, 55, 79, 88, 7, 91, 5, 0, 27, 66, 57, 50, 80, 68, 53, 1, 49, 81, 94, 32, 4, 95, 38, 29, 47, 99, 40, 42, 54, 6, 19, 34, 61, 59, 22, 44, 31, 14, 20]
Dlugosc cyklu:
15863
First vertex:  82
Algorytm NNG
Lista wierzcholkow: 
[82, 54, 33, 28, 45, 2, 42, 13, 70, 40, 99, 47, 51, 77, 95, 4, 36, 32, 75, 12, 94, 81, 49, 43, 72, 67, 84, 38, 29, 8, 6, 56, 86, 50, 60, 24, 80, 68, 63, 39, 53, 1, 66, 27, 92, 57, 76, 59, 61, 85]
Dlugosc cyklu:
12337
Algorytm GCY
Lista wierzcholkow: 
[82, 33, 8, 6, 86, 24, 80, 67, 84, 29, 28, 45, 42, 2, 13, 70, 40, 99, 47, 51, 77, 95, 4, 36, 38, 49, 43, 72, 1, 63, 53, 39, 68, 66, 27, 92, 57, 60, 50, 56, 19, 76, 22, 59, 61, 85, 34, 26, 11, 54]
Dlugosc cyklu:
12539
Algorytm ŻALU
Lista wierzcholkow: 
[82, 42, 40, 99, 47, 29, 38, 95, 4, 32, 94, 81, 49, 1, 39, 68, 24, 50, 57, 27, 0, 5, 91, 7, 41, 30, 55, 96, 18, 3, 65, 69, 21, 93, 17, 23, 98, 9, 71, 73, 10, 31, 44, 22, 59, 61, 34, 26, 11, 54]
Dlugosc cyklu:
15250
First vertex:  33
Algorytm NNG
Lista wierzcholkow: 
[33, 82, 54, 11, 26, 85, 34, 19, 56, 6, 8, 86, 50, 60, 24, 80, 68, 72, 49, 43, 1, 53, 39, 63, 67, 84, 38, 29, 95, 77, 51, 4, 36, 32, 75, 12, 94, 81, 47, 99, 70, 40, 13, 2, 45, 28, 42, 61, 59, 76]
Dlugosc cyklu:
12395
Algorytm GCY
Lista wierzcholkow: 
[33, 8, 6, 86, 24, 80, 67, 84, 29, 28, 45, 42, 2, 13, 70, 40, 99, 47, 51, 77, 95, 4, 36, 38, 49, 43, 72, 1, 63, 53, 39, 68, 66, 27, 92, 57, 60, 50, 56, 19, 76, 22, 59, 61, 85, 34, 26, 11, 54, 82]
Dlugosc cyklu:
12539
Algorytm ŻALU
Lista wierzcholkow: 
[33, 28, 42, 40, 99, 47, 29, 38, 95, 4, 32, 94, 81, 49, 1, 53, 68, 80, 50, 57, 27, 0, 5, 91, 7, 88, 79, 55, 96, 74, 18, 64, 69, 21, 93, 17, 37, 35, 58, 10, 31, 90, 22, 76, 61, 34, 26, 11, 8, 82]
Dlugosc cyklu:
15469
First vertex:  75
Algorytm NNG
Lista wierzcholkow: 
[75, 32, 12, 94, 81, 49, 43, 72, 67, 84, 38, 29, 95, 77, 51, 4, 36, 47, 99, 70, 40, 13, 2, 45, 28, 33, 82, 54, 11, 26, 85, 34, 19, 56, 6, 8, 86, 50, 60, 24, 80, 68, 63, 39, 53, 1, 66, 27, 92, 57]
Dlugosc cyklu:
12707
Algorytm GCY
Lista wierzcholkow: 
[75, 94, 81, 1, 53, 39, 63, 68, 66, 27, 92, 57, 60, 50, 86, 56, 19, 76, 97, 90, 31, 44, 22, 59, 61, 85, 34, 26, 11, 54, 82, 33, 6, 8, 24, 80, 43, 49, 72, 67, 84, 38, 29, 95, 77, 51, 4, 36, 12, 32]
Dlugosc cyklu:
11935
Algorytm ŻALU
Lista wierzcholkow: 
[75, 94, 81, 1, 63, 68, 67, 80, 60, 57, 66, 0, 62, 91, 7, 88, 79, 55, 96, 18, 3, 25, 69, 93, 17, 23, 98, 9, 71, 73, 10, 31, 44, 22, 59, 61, 34, 19, 6, 54, 33, 45, 2, 13, 99, 47, 29, 51, 4, 32]
Dlugosc cyklu:
15858
First vertex:  93
Algorytm NNG
Lista wierzcholkow: 
[93, 21, 15, 87, 52, 78, 17, 23, 37, 35, 98, 83, 9, 71, 20, 73, 58, 16, 14, 10, 31, 90, 97, 22, 44, 46, 62, 5, 48, 89, 18, 74, 96, 55, 79, 30, 88, 41, 7, 91, 0, 92, 27, 66, 57, 60, 24, 80, 68, 72]
Dlugosc cyklu:
13410
Algorytm GCY
Lista wierzcholkow: 
[93, 87, 17, 23, 37, 98, 35, 83, 9, 71, 58, 73, 20, 16, 14, 10, 31, 44, 90, 22, 97, 46, 0, 92, 27, 57, 66, 88, 30, 79, 41, 7, 91, 62, 5, 48, 89, 74, 55, 96, 3, 64, 25, 65, 18, 78, 52, 15, 69, 21]
Dlugosc cyklu:
12456
Algorytm ŻALU
Lista wierzcholkow: 
[93, 17, 23, 98, 83, 71, 58, 16, 31, 44, 22, 59, 61, 34, 26, 11, 8, 82, 33, 28, 42, 40, 99, 47, 29, 38, 95, 4, 32, 94, 81, 49, 1, 53, 68, 24, 66, 92, 0, 48, 91, 7, 41, 79, 55, 96, 3, 65, 69, 21]
Dlugosc cyklu:
15677
First vertex:  42
Algorytm NNG
Lista wierzcholkow: 
[42, 2, 45, 28, 13, 70, 40, 99, 47, 51, 77, 95, 4, 36, 32, 75, 12, 94, 81, 49, 43, 72, 67, 84, 38, 29, 33, 82, 54, 11, 26, 85, 34, 19, 56, 6, 8, 86, 50, 60, 24, 80, 68, 63, 39, 53, 1, 66, 27, 92]
Dlugosc cyklu:
12584
Algorytm GCY
Lista wierzcholkow: 
[42, 45, 26, 34, 85, 61, 59, 22, 76, 19, 11, 56, 50, 60, 57, 92, 27, 66, 68, 39, 53, 63, 1, 72, 43, 49, 38, 36, 4, 95, 77, 51, 29, 84, 67, 80, 24, 86, 6, 8, 54, 82, 33, 28, 13, 47, 99, 70, 40, 2]
Dlugosc cyklu:
13171
Algorytm ŻALU
Lista wierzcholkow: 
[42, 82, 6, 85, 61, 59, 22, 44, 31, 14, 58, 71, 9, 35, 98, 23, 17, 78, 52, 21, 69, 64, 96, 55, 79, 41, 7, 91, 48, 0, 66, 57, 60, 80, 84, 72, 68, 39, 1, 81, 94, 75, 36, 51, 38, 29, 47, 99, 13, 2]
Dlugosc cyklu:
16144
First vertex:  29
Algorytm NNG
Lista wierzcholkow: 
[29, 38, 95, 77, 51, 4, 36, 32, 75, 12, 94, 81, 49, 43, 72, 67, 84, 80, 24, 60, 50, 86, 8, 6, 56, 19, 11, 26, 85, 34, 61, 59, 76, 22, 97, 90, 44, 31, 10, 14, 16, 73, 20, 58, 71, 9, 83, 35, 37, 23]
Dlugosc cyklu:
12655
Algorytm GCY
Lista wierzcholkow: 
[29, 28, 33, 82, 54, 8, 6, 86, 24, 80, 67, 84, 49, 43, 72, 1, 63, 53, 39, 68, 66, 27, 92, 57, 60, 50, 56, 11, 19, 76, 22, 59, 61, 85, 34, 26, 45, 42, 2, 13, 70, 40, 99, 47, 51, 77, 95, 4, 36, 38]
Dlugosc cyklu:
12809
Algorytm ŻALU
Lista wierzcholkow: 
[29, 28, 45, 42, 40, 99, 47, 77, 4, 32, 94, 81, 43, 53, 66, 92, 0, 91, 7, 88, 79, 55, 96, 74, 48, 89, 52, 65, 69, 93, 17, 37, 35, 58, 16, 31, 97, 59, 61, 85, 11, 82, 8, 86, 50, 60, 80, 67, 84, 38]
Dlugosc cyklu:
15930
First vertex:  5
Algorytm NNG
Lista wierzcholkow: 
[5, 48, 62, 0, 91, 7, 41, 88, 30, 79, 55, 96, 74, 18, 52, 78, 17, 23, 37, 35, 98, 83, 9, 71, 20, 73, 58, 16, 14, 10, 31, 90, 97, 22, 44, 46, 92, 27, 66, 57, 60, 24, 80, 68, 72, 49, 43, 1, 53, 39]
Dlugosc cyklu:
12527
Algorytm GCY
Lista wierzcholkow: 
[5, 62, 91, 7, 41, 79, 30, 88, 66, 57, 27, 92, 0, 46, 97, 22, 90, 44, 31, 10, 14, 16, 20, 73, 58, 71, 9, 83, 35, 98, 37, 23, 17, 78, 87, 93, 21, 69, 15, 52, 18, 65, 25, 64, 3, 96, 55, 74, 89, 48]
Dlugosc cyklu:
12215
Algorytm ŻALU
Lista wierzcholkow: 
[5, 71, 58, 16, 31, 90, 22, 59, 61, 34, 19, 6, 54, 42, 40, 99, 47, 29, 38, 95, 4, 32, 94, 81, 49, 1, 53, 68, 80, 60, 57, 66, 0, 91, 7, 41, 30, 55, 96, 18, 3, 65, 69, 21, 93, 17, 23, 35, 83, 48]
Dlugosc cyklu:
15766
First vertex:  37
Algorytm NNG
Lista wierzcholkow: 
[37, 23, 17, 78, 52, 87, 15, 21, 93, 69, 65, 64, 3, 96, 55, 79, 30, 88, 41, 7, 91, 0, 62, 5, 48, 89, 9, 83, 71, 20, 73, 58, 16, 14, 10, 31, 90, 97, 22, 44, 46, 92, 27, 66, 57, 60, 24, 80, 68, 72]
Dlugosc cyklu:
12936
Algorytm GCY
Lista wierzcholkow: 
[37, 98, 35, 58, 16, 14, 44, 59, 61, 19, 76, 22, 97, 90, 46, 31, 10, 73, 20, 71, 83, 9, 89, 62, 5, 48, 0, 91, 7, 41, 88, 30, 79, 74, 55, 96, 3, 64, 25, 65, 18, 52, 15, 69, 21, 93, 87, 78, 17, 23]
Dlugosc cyklu:
13055
Algorytm ŻALU
Lista wierzcholkow: 
[37, 35, 83, 71, 58, 16, 31, 97, 59, 61, 34, 26, 11, 8, 33, 28, 42, 40, 99, 47, 29, 38, 95, 4, 32, 94, 81, 49, 1, 53, 68, 24, 66, 92, 0, 5, 91, 7, 41, 79, 55, 96, 18, 3, 65, 69, 87, 78, 17, 23]
Dlugosc cyklu:
15643
First vertex:  97
Algorytm NNG
Lista wierzcholkow: 
[97, 90, 44, 22, 59, 61, 76, 19, 11, 26, 85, 34, 56, 6, 8, 86, 50, 60, 24, 80, 68, 72, 49, 43, 1, 53, 39, 63, 67, 84, 38, 29, 95, 77, 51, 4, 36, 32, 75, 12, 94, 81, 47, 99, 70, 40, 13, 2, 45, 28]
Dlugosc cyklu:
12681
Algorytm GCY
Lista wierzcholkow: 
[97, 22, 76, 19, 61, 59, 44, 14, 16, 58, 73, 20, 71, 35, 98, 37, 23, 17, 78, 87, 93, 21, 69, 15, 52, 18, 65, 25, 64, 3, 96, 55, 74, 79, 30, 88, 41, 7, 91, 0, 48, 5, 62, 89, 83, 9, 10, 31, 46, 90]
Dlugosc cyklu:
13266
Algorytm ŻALU
Lista wierzcholkow: 
[97, 59, 61, 85, 11, 8, 33, 45, 2, 13, 99, 47, 29, 51, 4, 32, 94, 81, 49, 1, 53, 68, 80, 60, 57, 66, 27, 0, 5, 91, 7, 88, 79, 55, 96, 18, 3, 65, 69, 87, 78, 17, 23, 35, 9, 71, 20, 10, 31, 90]
Dlugosc cyklu:
15036
First vertex:  85
Algorytm NNG
Lista wierzcholkow: 
[85, 26, 11, 19, 56, 6, 8, 86, 50, 60, 24, 80, 68, 72, 49, 43, 1, 53, 39, 63, 67, 84, 38, 29, 95, 77, 51, 4, 36, 32, 75, 12, 94, 81, 47, 99, 70, 40, 13, 2, 45, 28, 33, 82, 54, 34, 61, 59, 76, 22]
Dlugosc cyklu:
11794
Algorytm GCY
Lista wierzcholkow: 
[85, 34, 26, 11, 54, 82, 33, 6, 8, 86, 24, 80, 67, 84, 29, 28, 45, 42, 2, 13, 70, 40, 99, 47, 51, 77, 95, 4, 36, 38, 49, 43, 72, 1, 63, 53, 39, 68, 66, 27, 92, 57, 60, 50, 56, 19, 76, 22, 59, 61]
Dlugosc cyklu:
12482
Algorytm ŻALU
Lista wierzcholkow: 
[85, 61, 76, 22, 44, 31, 14, 20, 71, 9, 35, 37, 17, 93, 21, 69, 64, 18, 74, 96, 55, 79, 88, 7, 91, 62, 0, 66, 57, 60, 80, 67, 72, 43, 81, 94, 32, 36, 77, 38, 29, 47, 99, 13, 2, 45, 33, 54, 11, 26]
Dlugosc cyklu:
14571
First vertex:  87
Algorytm NNG
Lista wierzcholkow: 
[87, 15, 21, 93, 69, 52, 78, 17, 23, 37, 35, 98, 83, 9, 71, 20, 73, 58, 16, 14, 10, 31, 90, 97, 22, 44, 46, 62, 5, 48, 89, 18, 74, 96, 55, 79, 30, 88, 41, 7, 91, 0, 92, 27, 66, 57, 60, 24, 80, 68]
Dlugosc cyklu:
13146
Algorytm GCY
Lista wierzcholkow: 
[87, 93, 21, 69, 15, 52, 78, 18, 65, 25, 64, 3, 96, 55, 74, 89, 48, 5, 62, 91, 7, 41, 79, 30, 88, 66, 57, 27, 92, 0, 46, 97, 22, 90, 44, 31, 10, 14, 16, 20, 73, 58, 71, 9, 83, 35, 98, 37, 23, 17]
Dlugosc cyklu:
12456
Algorytm ŻALU
Lista wierzcholkow: 
[87, 52, 78, 17, 23, 98, 58, 16, 31, 44, 22, 59, 61, 34, 26, 11, 8, 82, 33, 28, 42, 40, 99, 47, 29, 38, 95, 4, 32, 94, 81, 49, 1, 53, 68, 24, 66, 92, 0, 48, 91, 7, 41, 79, 55, 96, 3, 25, 69, 15]
Dlugosc cyklu:
15939
First vertex:  21
Algorytm NNG
Lista wierzcholkow: 
[21, 15, 87, 93, 69, 52, 78, 17, 23, 37, 35, 98, 83, 9, 71, 20, 73, 58, 16, 14, 10, 31, 90, 97, 22, 44, 46, 62, 5, 48, 89, 18, 74, 96, 55, 79, 30, 88, 41, 7, 91, 0, 92, 27, 66, 57, 60, 24, 80, 68]
Dlugosc cyklu:
13275
Algorytm GCY
Lista wierzcholkow: 
[21, 93, 87, 17, 23, 37, 98, 35, 83, 9, 71, 58, 73, 20, 16, 14, 10, 31, 44, 90, 22, 97, 46, 0, 92, 27, 57, 66, 88, 30, 79, 41, 7, 91, 62, 5, 48, 89, 74, 55, 96, 3, 64, 25, 65, 18, 78, 52, 15, 69]
Dlugosc cyklu:
12456
Algorytm ŻALU
Lista wierzcholkow: 
[21, 93, 17, 23, 98, 35, 9, 71, 58, 10, 31, 44, 22, 59, 61, 34, 19, 6, 54, 28, 42, 40, 99, 47, 29, 38, 95, 4, 32, 94, 81, 43, 53, 68, 80, 60, 57, 66, 0, 62, 91, 7, 88, 79, 55, 96, 3, 65, 52, 15]
Dlugosc cyklu:
15583
First vertex:  14
Algorytm NNG
Lista wierzcholkow: 
[14, 16, 10, 31, 90, 97, 22, 44, 46, 62, 5, 48, 89, 9, 83, 71, 20, 73, 58, 35, 37, 23, 17, 78, 52, 87, 15, 21, 93, 69, 65, 64, 3, 96, 55, 79, 30, 88, 41, 7, 91, 0, 92, 27, 66, 57, 60, 24, 80, 68]
Dlugosc cyklu:
12142
Algorytm GCY
Lista wierzcholkow: 
[14, 44, 59, 61, 19, 76, 22, 97, 90, 46, 31, 10, 9, 83, 89, 62, 5, 48, 0, 91, 7, 41, 88, 30, 79, 74, 55, 96, 3, 64, 25, 65, 18, 52, 15, 69, 21, 93, 87, 78, 17, 23, 37, 98, 35, 71, 20, 73, 58, 16]
Dlugosc cyklu:
13266
Algorytm ŻALU
Lista wierzcholkow: 
[14, 31, 44, 22, 59, 61, 34, 26, 11, 8, 82, 33, 28, 42, 40, 99, 47, 29, 38, 95, 4, 32, 94, 81, 49, 1, 53, 68, 24, 50, 57, 66, 92, 0, 62, 48, 74, 55, 3, 64, 65, 69, 21, 93, 78, 17, 23, 98, 58, 16]
Dlugosc cyklu:
15211
First vertex:  55
Algorytm NNG
Lista wierzcholkow: 
[55, 96, 74, 18, 52, 78, 17, 23, 37, 35, 98, 83, 9, 71, 20, 73, 58, 16, 14, 10, 31, 90, 97, 22, 44, 46, 62, 5, 48, 89, 91, 7, 41, 88, 30, 79, 3, 64, 65, 25, 69, 21, 15, 87, 93, 0, 92, 27, 66, 57]
Dlugosc cyklu:
13970
Algorytm GCY
Lista wierzcholkow: 
[55, 74, 18, 52, 78, 89, 48, 5, 62, 91, 7, 41, 79, 30, 88, 66, 57, 27, 92, 0, 46, 97, 22, 90, 44, 31, 10, 14, 16, 20, 73, 58, 71, 9, 83, 35, 98, 37, 23, 17, 87, 15, 93, 21, 69, 65, 25, 64, 3, 96]
Dlugosc cyklu:
11968
Algorytm ŻALU
Lista wierzcholkow: 
[55, 79, 88, 7, 91, 5, 0, 27, 66, 57, 50, 24, 68, 53, 1, 49, 81, 94, 32, 4, 95, 38, 29, 47, 99, 40, 42, 28, 33, 8, 11, 26, 34, 61, 59, 22, 90, 31, 16, 58, 98, 23, 17, 93, 21, 69, 65, 3, 18, 96]
Dlugosc cyklu:
15855
First vertex:  41
Algorytm NNG
Lista wierzcholkow: 
[41, 88, 30, 79, 55, 96, 74, 18, 52, 78, 17, 23, 37, 35, 98, 83, 9, 71, 20, 73, 58, 16, 14, 10, 31, 90, 97, 22, 44, 46, 62, 5, 48, 89, 91, 7, 0, 92, 27, 66, 57, 60, 24, 80, 68, 72, 49, 43, 1, 53]
Dlugosc cyklu:
12506
Algorytm GCY
Lista wierzcholkow: 
[41, 7, 91, 0, 66, 57, 27, 92, 22, 97, 90, 44, 31, 14, 16, 10, 46, 62, 5, 48, 89, 74, 18, 52, 78, 9, 83, 71, 20, 73, 58, 35, 98, 37, 23, 17, 87, 15, 93, 21, 69, 65, 25, 64, 3, 96, 55, 79, 30, 88]
Dlugosc cyklu:
12116
Algorytm ŻALU
Lista wierzcholkow: 
[41, 55, 96, 18, 3, 65, 69, 21, 93, 17, 23, 98, 35, 9, 71, 73, 10, 31, 44, 22, 59, 61, 34, 19, 6, 54, 42, 40, 99, 47, 29, 38, 95, 4, 32, 94, 81, 49, 1, 53, 68, 80, 60, 57, 66, 0, 62, 91, 7, 88]
Dlugosc cyklu:
15656
First vertex:  8
Algorytm NNG
Lista wierzcholkow: 
[8, 6, 56, 86, 50, 60, 24, 80, 68, 72, 49, 43, 1, 53, 39, 63, 67, 84, 38, 29, 95, 77, 51, 4, 36, 32, 75, 12, 94, 81, 47, 99, 70, 40, 13, 2, 45, 28, 33, 82, 54, 11, 26, 85, 34, 19, 61, 59, 76, 22]
Dlugosc cyklu:
11737
Algorytm GCY
Lista wierzcholkow: 
[8, 86, 24, 80, 67, 84, 29, 28, 45, 42, 2, 13, 70, 40, 99, 47, 51, 77, 95, 4, 36, 38, 49, 43, 72, 1, 63, 53, 39, 68, 66, 27, 92, 57, 60, 50, 56, 19, 76, 22, 59, 61, 85, 34, 26, 11, 54, 82, 33, 6]
Dlugosc cyklu:
12482
Algorytm ŻALU
Lista wierzcholkow: 
[8, 80, 76, 59, 22, 44, 31, 16, 58, 71, 9, 35, 98, 37, 23, 17, 78, 93, 21, 69, 65, 64, 3, 96, 74, 48, 91, 7, 79, 88, 66, 39, 72, 49, 81, 94, 75, 36, 51, 38, 29, 47, 99, 40, 42, 28, 33, 54, 11, 6]
Dlugosc cyklu:
15943
First vertex:  66
Algorytm NNG
Lista wierzcholkow: 
[66, 27, 92, 57, 60, 24, 80, 68, 72, 49, 43, 1, 53, 39, 63, 67, 84, 38, 29, 95, 77, 51, 4, 36, 32, 75, 12, 94, 81, 47, 99, 70, 40, 13, 2, 45, 28, 33, 82, 54, 11, 26, 85, 34, 19, 56, 6, 8, 86, 50]
Dlugosc cyklu:
11498
Algorytm GCY
Lista wierzcholkow: 
[66, 53, 39, 63, 1, 43, 49, 38, 36, 4, 95, 77, 51, 47, 99, 40, 70, 13, 2, 42, 45, 28, 29, 84, 67, 72, 68, 80, 24, 8, 6, 33, 82, 54, 11, 26, 34, 85, 61, 59, 22, 76, 19, 56, 86, 50, 60, 57, 92, 27]
Dlugosc cyklu:
12175
Algorytm ŻALU
Lista wierzcholkow: 
[66, 57, 50, 80, 68, 53, 1, 49, 81, 94, 32, 4, 51, 38, 29, 47, 99, 13, 2, 45, 33, 54, 6, 19, 34, 61, 59, 22, 90, 31, 16, 58, 98, 23, 17, 78, 52, 15, 69, 25, 3, 96, 55, 79, 41, 7, 91, 5, 0, 27]
Dlugosc cyklu:
15748
First vertex:  36
Algorytm NNG
Lista wierzcholkow: 
[36, 4, 77, 51, 95, 38, 29, 47, 99, 70, 40, 13, 2, 45, 28, 33, 82, 54, 11, 26, 85, 34, 19, 56, 6, 8, 86, 50, 60, 24, 80, 68, 72, 49, 43, 1, 53, 39, 63, 67, 84, 81, 94, 12, 32, 75, 42, 61, 59, 76]
Dlugosc cyklu:
14394
Algorytm GCY
Lista wierzcholkow: 
[36, 38, 49, 43, 1, 53, 39, 63, 68, 66, 27, 92, 57, 60, 50, 86, 56, 19, 76, 97, 90, 46, 31, 10, 73, 16, 14, 44, 22, 59, 61, 85, 34, 26, 11, 54, 82, 33, 6, 8, 24, 80, 72, 67, 84, 29, 95, 77, 51, 4]
Dlugosc cyklu:
12512
Algorytm ŻALU
Lista wierzcholkow: 
[36, 75, 94, 81, 1, 63, 68, 67, 80, 60, 57, 66, 0, 62, 91, 7, 88, 79, 55, 96, 18, 3, 25, 69, 21, 93, 17, 23, 98, 9, 71, 58, 14, 31, 44, 97, 76, 61, 34, 19, 56, 82, 42, 40, 99, 47, 29, 38, 95, 4]
Dlugosc cyklu:
16580
First vertex:  10
Algorytm NNG
Lista wierzcholkow: 
[10, 14, 16, 31, 90, 97, 22, 44, 46, 62, 5, 48, 89, 9, 83, 71, 20, 73, 58, 35, 37, 23, 17, 78, 52, 87, 15, 21, 93, 69, 65, 64, 3, 96, 55, 79, 30, 88, 41, 7, 91, 0, 92, 27, 66, 57, 60, 24, 80, 68]
Dlugosc cyklu:
12146
Algorytm GCY
Lista wierzcholkow: 
[10, 9, 83, 89, 62, 5, 48, 0, 91, 7, 41, 88, 30, 79, 74, 55, 96, 3, 64, 25, 65, 18, 52, 15, 69, 21, 93, 87, 78, 17, 23, 37, 98, 35, 71, 20, 73, 58, 16, 14, 44, 59, 61, 19, 76, 22, 97, 90, 46, 31]
Dlugosc cyklu:
13266
Algorytm ŻALU
Lista wierzcholkow: 
[10, 20, 71, 9, 35, 23, 17, 78, 87, 69, 65, 3, 18, 96, 55, 79, 41, 7, 91, 48, 0, 66, 57, 60, 80, 68, 53, 1, 49, 81, 94, 32, 4, 95, 38, 29, 47, 99, 40, 42, 54, 6, 19, 34, 61, 59, 22, 44, 31, 14]
Dlugosc cyklu:
15466
First vertex:  98
Algorytm NNG
Lista wierzcholkow: 
[98, 35, 37, 23, 17, 78, 52, 87, 15, 21, 93, 69, 65, 64, 3, 96, 55, 79, 30, 88, 41, 7, 91, 0, 62, 5, 48, 89, 9, 83, 71, 20, 73, 58, 16, 14, 10, 31, 90, 97, 22, 44, 46, 92, 27, 66, 57, 60, 24, 80]
Dlugosc cyklu:
12698
Algorytm GCY
Lista wierzcholkow: 
[98, 58, 16, 14, 44, 59, 61, 19, 76, 22, 97, 90, 46, 31, 10, 73, 20, 71, 83, 9, 89, 62, 5, 48, 0, 91, 7, 41, 88, 30, 79, 74, 55, 96, 3, 64, 25, 65, 18, 52, 15, 69, 21, 93, 87, 78, 17, 23, 37, 35]
Dlugosc cyklu:
13201
Algorytm ŻALU
Lista wierzcholkow: 
[98, 23, 17, 93, 69, 65, 3, 18, 96, 55, 79, 41, 7, 91, 5, 0, 92, 66, 24, 68, 53, 1, 49, 81, 94, 32, 4, 95, 38, 29, 47, 99, 40, 42, 28, 33, 8, 11, 26, 34, 61, 59, 22, 44, 31, 16, 58, 71, 83, 35]
Dlugosc cyklu:
15940
First vertex:  52
Algorytm NNG
Lista wierzcholkow: 
[52, 78, 17, 23, 37, 35, 98, 83, 9, 71, 20, 73, 58, 16, 14, 10, 31, 90, 97, 22, 44, 46, 62, 5, 48, 89, 18, 74, 96, 55, 79, 30, 88, 41, 7, 91, 0, 92, 27, 66, 57, 60, 24, 80, 68, 72, 49, 43, 1, 53]
Dlugosc cyklu:
13226
Algorytm GCY
Lista wierzcholkow: 
[52, 15, 69, 21, 93, 87, 17, 23, 37, 98, 35, 83, 9, 71, 58, 73, 20, 16, 14, 10, 31, 44, 90, 22, 97, 46, 0, 92, 27, 57, 66, 88, 30, 79, 41, 7, 91, 62, 5, 48, 89, 74, 55, 96, 3, 64, 25, 65, 18, 78]
Dlugosc cyklu:
12456
Algorytm ŻALU
Lista wierzcholkow: 
[52, 15, 69, 64, 96, 55, 79, 41, 7, 91, 48, 0, 92, 66, 57, 50, 24, 68, 53, 1, 49, 81, 94, 32, 4, 95, 38, 29, 47, 99, 40, 42, 28, 33, 82, 8, 11, 26, 34, 61, 59, 22, 90, 31, 16, 58, 98, 23, 17, 78]
Dlugosc cyklu:
15768
First vertex:  3
Algorytm NNG
Lista wierzcholkow: 
[3, 64, 65, 25, 69, 21, 15, 87, 93, 17, 23, 37, 35, 98, 83, 9, 71, 20, 73, 58, 16, 14, 10, 31, 90, 97, 22, 44, 46, 62, 5, 48, 89, 78, 52, 18, 74, 96, 55, 79, 30, 88, 41, 7, 91, 0, 92, 27, 66, 57]
Dlugosc cyklu:
12781
Algorytm GCY
Lista wierzcholkow: 
[3, 65, 25, 64, 69, 21, 93, 15, 87, 17, 23, 37, 98, 35, 83, 9, 71, 58, 73, 20, 16, 14, 10, 31, 44, 90, 22, 97, 46, 0, 92, 27, 57, 66, 88, 30, 79, 41, 7, 91, 62, 5, 48, 89, 78, 52, 18, 74, 55, 96]
Dlugosc cyklu:
12149
Algorytm ŻALU
Lista wierzcholkow: 
[3, 18, 96, 55, 79, 41, 7, 91, 48, 0, 92, 66, 50, 24, 68, 53, 1, 49, 81, 94, 32, 4, 95, 38, 29, 47, 99, 40, 42, 28, 33, 82, 8, 11, 26, 34, 61, 59, 22, 44, 31, 16, 58, 98, 23, 17, 93, 21, 69, 64]
Dlugosc cyklu:
15892
First vertex:  99
Algorytm NNG
Lista wierzcholkow: 
[99, 70, 40, 13, 2, 45, 28, 33, 82, 54, 11, 26, 85, 34, 19, 56, 6, 8, 86, 50, 60, 24, 80, 68, 72, 49, 43, 1, 53, 39, 63, 67, 84, 38, 29, 95, 77, 51, 4, 36, 32, 75, 12, 94, 81, 47, 42, 61, 59, 76]
Dlugosc cyklu:
13634
Algorytm GCY
Lista wierzcholkow: 
[99, 40, 70, 2, 42, 45, 26, 34, 85, 61, 59, 22, 76, 19, 11, 56, 50, 60, 57, 92, 27, 66, 68, 39, 53, 63, 1, 72, 43, 49, 38, 36, 4, 95, 77, 51, 29, 84, 67, 80, 24, 86, 6, 8, 54, 82, 33, 28, 13, 47]
Dlugosc cyklu:
13185
Algorytm ŻALU
Lista wierzcholkow: 
[99, 47, 29, 38, 77, 36, 75, 94, 81, 1, 63, 68, 67, 80, 60, 57, 66, 0, 62, 91, 7, 41, 30, 55, 96, 18, 3, 65, 69, 21, 93, 17, 23, 98, 35, 9, 71, 58, 14, 31, 44, 22, 59, 61, 34, 19, 6, 54, 42, 70]
Dlugosc cyklu:
15762
First vertex:  39
Algorytm NNG
Lista wierzcholkow: 
[39, 63, 53, 1, 43, 49, 72, 67, 84, 38, 29, 95, 77, 51, 4, 36, 32, 75, 12, 94, 81, 68, 80, 24, 60, 50, 86, 8, 6, 56, 19, 11, 26, 85, 34, 61, 59, 76, 22, 97, 90, 44, 31, 10, 14, 16, 73, 20, 58, 71]
Dlugosc cyklu:
11889
Algorytm GCY
Lista wierzcholkow: 
[39, 53, 1, 43, 49, 38, 36, 4, 95, 77, 51, 47, 99, 40, 70, 13, 2, 42, 45, 28, 29, 84, 67, 72, 80, 24, 8, 6, 33, 82, 54, 11, 26, 34, 85, 61, 59, 22, 76, 19, 56, 86, 50, 60, 57, 92, 27, 66, 68, 63]
Dlugosc cyklu:
12153
Algorytm ŻALU
Lista wierzcholkow: 
[39, 68, 80, 60, 57, 66, 92, 0, 48, 91, 7, 41, 79, 55, 96, 64, 69, 21, 52, 78, 17, 23, 35, 9, 71, 58, 14, 31, 44, 22, 59, 61, 34, 19, 6, 54, 42, 40, 99, 47, 29, 38, 95, 4, 32, 94, 81, 49, 72, 63]
Dlugosc cyklu:
15331
First vertex:  58
Algorytm NNG
Lista wierzcholkow: 
[58, 73, 20, 71, 9, 83, 35, 37, 23, 17, 78, 52, 87, 15, 21, 93, 69, 65, 64, 3, 96, 55, 79, 30, 88, 41, 7, 91, 0, 62, 5, 48, 89, 18, 74, 25, 98, 16, 14, 10, 31, 90, 97, 22, 44, 46, 92, 27, 66, 57]
Dlugosc cyklu:
14726
Algorytm GCY
Lista wierzcholkow: 
[58, 35, 98, 37, 23, 17, 78, 87, 93, 21, 69, 15, 52, 18, 65, 25, 64, 3, 96, 55, 74, 79, 30, 88, 41, 7, 91, 0, 48, 5, 62, 89, 83, 9, 71, 20, 73, 46, 31, 90, 97, 22, 76, 19, 61, 59, 44, 10, 14, 16]
Dlugosc cyklu:
13114
Algorytm ŻALU
Lista wierzcholkow: 
[58, 16, 22, 61, 19, 54, 42, 99, 29, 4, 94, 49, 53, 66, 92, 46, 73, 20, 71, 9, 89, 48, 5, 62, 0, 91, 7, 41, 88, 30, 79, 55, 74, 18, 96, 3, 64, 25, 65, 69, 21, 93, 87, 52, 78, 17, 23, 37, 98, 35]
Dlugosc cyklu:
16714
First vertex:  2
Algorytm NNG
Lista wierzcholkow: 
[2, 45, 28, 13, 70, 40, 99, 47, 51, 77, 95, 4, 36, 32, 75, 12, 94, 81, 49, 43, 72, 67, 84, 38, 29, 33, 82, 54, 11, 26, 85, 34, 19, 56, 6, 8, 86, 50, 60, 24, 80, 68, 63, 39, 53, 1, 66, 27, 92, 57]
Dlugosc cyklu:
12444
Algorytm GCY
Lista wierzcholkow: 
[2, 40, 70, 99, 47, 13, 28, 33, 82, 54, 8, 6, 86, 24, 80, 67, 84, 29, 51, 77, 95, 4, 36, 38, 49, 43, 72, 1, 63, 53, 39, 68, 66, 27, 92, 57, 60, 50, 56, 11, 19, 76, 22, 59, 61, 85, 34, 26, 45, 42]
Dlugosc cyklu:
13171
Algorytm ŻALU
Lista wierzcholkow: 
[2, 13, 99, 47, 29, 38, 51, 36, 32, 94, 81, 49, 72, 63, 68, 80, 60, 57, 66, 92, 0, 62, 91, 7, 41, 30, 55, 96, 74, 18, 52, 21, 17, 23, 98, 35, 9, 71, 58, 14, 31, 44, 22, 59, 61, 85, 6, 54, 33, 45]
Dlugosc cyklu:
14857
First vertex:  80
Algorytm NNG
Lista wierzcholkow: 
[80, 24, 60, 50, 86, 8, 6, 56, 19, 11, 26, 85, 34, 61, 59, 76, 22, 97, 90, 44, 31, 10, 14, 16, 73, 20, 58, 71, 9, 83, 35, 37, 23, 17, 78, 52, 87, 15, 21, 93, 69, 65, 64, 3, 96, 55, 79, 30, 88, 41]
Dlugosc cyklu:
10298
Algorytm GCY
Lista wierzcholkow: 
[80, 67, 84, 29, 28, 45, 42, 2, 13, 70, 40, 99, 47, 51, 77, 95, 4, 36, 38, 49, 43, 72, 1, 63, 53, 39, 68, 66, 27, 92, 57, 60, 50, 86, 56, 19, 76, 22, 59, 61, 85, 34, 26, 11, 54, 82, 33, 6, 8, 24]
Dlugosc cyklu:
12467
Algorytm ŻALU
Lista wierzcholkow: 
[80, 57, 92, 0, 62, 46, 90, 31, 10, 58, 35, 23, 17, 78, 52, 87, 21, 69, 65, 3, 18, 74, 96, 55, 79, 88, 39, 43, 81, 94, 32, 4, 95, 38, 29, 47, 99, 40, 42, 28, 33, 82, 11, 26, 34, 61, 76, 56, 86, 24]
Dlugosc cyklu:
15445
First vertex:  53
Algorytm NNG
Lista wierzcholkow: 
[53, 39, 63, 68, 72, 49, 43, 1, 81, 94, 12, 32, 75, 36, 4, 77, 51, 95, 38, 29, 47, 99, 70, 40, 13, 2, 45, 28, 33, 82, 54, 11, 26, 85, 34, 19, 56, 6, 8, 86, 50, 60, 24, 80, 67, 84, 42, 61, 59, 76]
Dlugosc cyklu:
12855
Algorytm GCY
Lista wierzcholkow: 
[53, 1, 43, 49, 38, 36, 4, 95, 77, 51, 47, 99, 40, 70, 13, 2, 42, 45, 28, 29, 84, 67, 72, 80, 24, 8, 6, 33, 82, 54, 11, 26, 34, 85, 61, 59, 22, 76, 19, 56, 86, 50, 60, 57, 92, 27, 66, 68, 63, 39]
Dlugosc cyklu:
12153
Algorytm ŻALU
Lista wierzcholkow: 
[53, 80, 60, 57, 66, 92, 0, 48, 91, 7, 41, 30, 55, 96, 18, 3, 25, 69, 21, 87, 52, 78, 17, 23, 98, 58, 14, 31, 44, 22, 59, 61, 34, 19, 8, 33, 45, 2, 13, 99, 47, 29, 51, 4, 32, 94, 81, 49, 72, 39]
Dlugosc cyklu:
15910
First vertex:  7
Algorytm NNG
Lista wierzcholkow: 
[7, 91, 0, 62, 5, 48, 89, 9, 83, 71, 20, 73, 58, 16, 14, 10, 31, 90, 97, 22, 44, 46, 92, 27, 66, 57, 60, 24, 80, 68, 72, 49, 43, 1, 53, 39, 63, 67, 84, 38, 29, 95, 77, 51, 4, 36, 32, 75, 12, 94]
Dlugosc cyklu:
12977
Algorytm GCY
Lista wierzcholkow: 
[7, 74, 18, 52, 78, 89, 48, 5, 62, 0, 66, 57, 27, 92, 46, 97, 22, 90, 44, 31, 10, 14, 16, 20, 73, 58, 71, 9, 83, 35, 98, 37, 23, 17, 87, 15, 93, 21, 69, 65, 25, 64, 3, 96, 55, 79, 30, 88, 41, 91]
Dlugosc cyklu:
11965
Algorytm ŻALU
Lista wierzcholkow: 
[7, 88, 66, 92, 57, 60, 80, 68, 53, 1, 49, 81, 94, 32, 4, 95, 38, 29, 47, 99, 40, 42, 28, 33, 54, 6, 19, 34, 61, 59, 22, 44, 31, 10, 58, 71, 83, 98, 23, 17, 78, 52, 15, 69, 65, 3, 96, 74, 48, 91]
Dlugosc cyklu:
15799
First vertex:  91
Algorytm NNG
Lista wierzcholkow: 
[91, 7, 41, 88, 30, 79, 55, 96, 74, 18, 52, 78, 17, 23, 37, 35, 98, 83, 9, 71, 20, 73, 58, 16, 14, 10, 31, 90, 97, 22, 44, 46, 62, 5, 48, 89, 87, 15, 21, 93, 69, 65, 64, 3, 25, 0, 92, 27, 66, 57]
Dlugosc cyklu:
13218
Algorytm GCY
Lista wierzcholkow: 
[91, 0, 66, 57, 27, 92, 22, 97, 90, 44, 31, 14, 16, 10, 46, 62, 5, 48, 89, 74, 18, 52, 78, 9, 83, 71, 20, 73, 58, 35, 98, 37, 23, 17, 87, 15, 93, 21, 69, 65, 25, 64, 3, 96, 55, 41, 79, 30, 88, 7]
Dlugosc cyklu:
12424
Algorytm ŻALU
Lista wierzcholkow: 
[91, 48, 74, 96, 3, 65, 69, 15, 52, 78, 17, 23, 98, 83, 71, 58, 10, 31, 44, 22, 59, 61, 34, 19, 6, 54, 33, 28, 42, 40, 99, 47, 29, 38, 95, 4, 32, 94, 81, 49, 1, 53, 68, 80, 60, 57, 92, 66, 88, 7]
Dlugosc cyklu:
15799
First vertex:  56
Algorytm NNG
Lista wierzcholkow: 
[56, 6, 8, 86, 50, 60, 24, 80, 68, 72, 49, 43, 1, 53, 39, 63, 67, 84, 38, 29, 95, 77, 51, 4, 36, 32, 75, 12, 94, 81, 47, 99, 70, 40, 13, 2, 45, 28, 33, 82, 54, 11, 26, 85, 34, 19, 61, 59, 76, 22]
Dlugosc cyklu:
11636
Algorytm GCY
Lista wierzcholkow: 
[56, 50, 60, 57, 92, 27, 66, 68, 39, 53, 63, 1, 72, 43, 49, 38, 36, 4, 95, 77, 51, 47, 99, 40, 70, 13, 2, 42, 45, 28, 29, 84, 67, 80, 24, 86, 8, 6, 33, 82, 54, 11, 26, 34, 85, 61, 59, 22, 76, 19]
Dlugosc cyklu:
12482
Algorytm ŻALU
Lista wierzcholkow: 
[56, 19, 34, 61, 59, 22, 44, 31, 14, 58, 71, 35, 23, 17, 78, 52, 21, 69, 64, 96, 55, 79, 41, 7, 91, 48, 0, 92, 66, 57, 60, 80, 67, 72, 53, 43, 81, 94, 75, 36, 51, 29, 47, 99, 40, 42, 28, 33, 54, 6]
Dlugosc cyklu:
15613
First vertex:  70
Algorytm NNG
Lista wierzcholkow: 
[70, 40, 99, 47, 13, 2, 45, 28, 33, 82, 54, 11, 26, 85, 34, 19, 56, 6, 8, 86, 50, 60, 24, 80, 68, 72, 49, 43, 1, 53, 39, 63, 67, 84, 38, 29, 95, 77, 51, 4, 36, 32, 75, 12, 94, 81, 57, 27, 92, 66]
Dlugosc cyklu:
13179
Algorytm GCY
Lista wierzcholkow: 
[70, 2, 42, 45, 26, 34, 85, 61, 59, 22, 76, 19, 11, 56, 50, 60, 57, 92, 27, 66, 68, 39, 53, 63, 1, 72, 43, 49, 38, 36, 4, 95, 77, 51, 29, 84, 67, 80, 24, 86, 6, 8, 54, 82, 33, 28, 13, 47, 99, 40]
Dlugosc cyklu:
13185
Algorytm ŻALU
Lista wierzcholkow: 
[70, 99, 47, 29, 51, 36, 75, 94, 81, 49, 1, 53, 68, 80, 50, 57, 66, 92, 0, 48, 91, 7, 41, 30, 55, 96, 18, 3, 25, 69, 21, 93, 17, 23, 35, 58, 14, 31, 44, 22, 76, 61, 34, 19, 6, 54, 33, 28, 2, 40]
Dlugosc cyklu:
15873
First vertex:  6
Algorytm NNG
Lista wierzcholkow: 
[6, 8, 56, 86, 50, 60, 24, 80, 68, 72, 49, 43, 1, 53, 39, 63, 67, 84, 38, 29, 95, 77, 51, 4, 36, 32, 75, 12, 94, 81, 47, 99, 70, 40, 13, 2, 45, 28, 33, 82, 54, 11, 26, 85, 34, 19, 61, 59, 76, 22]
Dlugosc cyklu:
11735
Algorytm GCY
Lista wierzcholkow: 
[6, 33, 82, 54, 11, 26, 34, 85, 61, 59, 22, 76, 19, 56, 50, 60, 57, 92, 27, 66, 68, 39, 53, 63, 1, 72, 43, 49, 38, 36, 4, 95, 77, 51, 47, 99, 40, 70, 13, 2, 42, 45, 28, 29, 84, 67, 80, 24, 86, 8]
Dlugosc cyklu:
12482
Algorytm ŻALU
Lista wierzcholkow: 
[6, 11, 54, 33, 28, 42, 40, 99, 47, 29, 38, 51, 36, 75, 94, 81, 49, 72, 39, 66, 88, 79, 7, 91, 48, 74, 96, 3, 64, 65, 69, 21, 93, 78, 17, 23, 37, 98, 35, 9, 71, 58, 16, 31, 44, 22, 59, 76, 80, 8]
Dlugosc cyklu:
15943
First vertex:  43
Algorytm NNG
Lista wierzcholkow: 
[43, 49, 72, 67, 84, 38, 29, 95, 77, 51, 4, 36, 32, 75, 12, 94, 81, 1, 53, 39, 63, 68, 80, 24, 60, 50, 86, 8, 6, 56, 19, 11, 26, 85, 34, 61, 59, 76, 22, 97, 90, 44, 31, 10, 14, 16, 73, 20, 58, 71]
Dlugosc cyklu:
11732
Algorytm GCY
Lista wierzcholkow: 
[43, 1, 53, 39, 63, 68, 66, 27, 92, 57, 60, 50, 86, 56, 19, 76, 22, 59, 61, 85, 34, 26, 11, 54, 82, 33, 6, 8, 24, 80, 72, 67, 84, 29, 28, 45, 42, 2, 13, 70, 40, 99, 47, 51, 77, 95, 4, 36, 38, 49]
Dlugosc cyklu:
12153
Algorytm ŻALU
Lista wierzcholkow: 
[43, 72, 67, 80, 60, 57, 66, 0, 62, 91, 7, 88, 79, 55, 96, 74, 18, 64, 69, 21, 93, 17, 23, 98, 9, 71, 58, 14, 31, 44, 97, 76, 61, 34, 19, 56, 82, 33, 28, 42, 40, 99, 47, 29, 51, 36, 32, 94, 81, 49]
Dlugosc cyklu:
15834
First vertex:  76
Algorytm NNG
Lista wierzcholkow: 
[76, 59, 61, 85, 26, 11, 19, 56, 6, 8, 86, 50, 60, 24, 80, 68, 72, 49, 43, 1, 53, 39, 63, 67, 84, 38, 29, 95, 77, 51, 4, 36, 32, 75, 12, 94, 81, 47, 99, 70, 40, 13, 2, 45, 28, 33, 82, 54, 34, 22]
Dlugosc cyklu:
11786
Algorytm GCY
Lista wierzcholkow: 
[76, 22, 97, 90, 44, 31, 14, 16, 10, 46, 62, 20, 73, 58, 71, 9, 83, 35, 37, 23, 17, 78, 87, 52, 18, 89, 48, 5, 91, 7, 0, 92, 27, 66, 57, 60, 80, 24, 50, 86, 56, 8, 6, 19, 11, 26, 85, 34, 61, 59]
Dlugosc cyklu:
11107
Algorytm ŻALU
Lista wierzcholkow: 
[76, 99, 59, 22, 97, 90, 31, 16, 58, 20, 71, 9, 35, 98, 37, 23, 17, 78, 93, 21, 69, 25, 3, 18, 74, 96, 55, 79, 41, 7, 91, 5, 0, 27, 57, 68, 63, 53, 1, 81, 94, 75, 36, 95, 38, 49, 67, 80, 60, 50]
Dlugosc cyklu:
18194
First vertex:  57
Algorytm NNG
Lista wierzcholkow: 
[57, 27, 92, 66, 0, 62, 5, 48, 89, 9, 83, 71, 20, 73, 58, 16, 14, 10, 31, 90, 97, 22, 44, 46, 91, 7, 41, 88, 30, 79, 55, 96, 74, 18, 52, 78, 17, 23, 37, 35, 98, 93, 21, 15, 87, 69, 65, 64, 3, 25]
Dlugosc cyklu:
13603
Algorytm GCY
Lista wierzcholkow: 
[57, 92, 27, 66, 53, 39, 63, 1, 43, 49, 38, 36, 4, 95, 77, 51, 47, 99, 40, 70, 13, 2, 42, 45, 28, 29, 84, 67, 72, 68, 80, 24, 8, 6, 33, 82, 54, 11, 26, 34, 85, 61, 59, 22, 76, 19, 56, 86, 50, 60]
Dlugosc cyklu:
12175
Algorytm ŻALU
Lista wierzcholkow: 
[57, 60, 80, 67, 68, 63, 1, 81, 94, 32, 36, 51, 29, 47, 99, 40, 42, 28, 54, 6, 19, 34, 61, 59, 22, 44, 31, 16, 58, 71, 83, 98, 23, 17, 93, 21, 69, 65, 3, 18, 74, 96, 55, 79, 41, 7, 91, 5, 0, 27]
Dlugosc cyklu:
15661
First vertex:  20
Algorytm NNG
Lista wierzcholkow: 
[20, 73, 58, 71, 9, 83, 35, 37, 23, 17, 78, 52, 87, 15, 21, 93, 69, 65, 64, 3, 96, 55, 79, 30, 88, 41, 7, 91, 0, 62, 5, 48, 89, 18, 74, 25, 98, 16, 14, 10, 31, 90, 97, 22, 44, 46, 92, 27, 66, 57]
Dlugosc cyklu:
14749
Algorytm GCY
Lista wierzcholkow: 
[20, 71, 9, 83, 89, 62, 5, 48, 0, 91, 7, 41, 88, 30, 79, 74, 55, 96, 3, 64, 25, 65, 18, 52, 15, 69, 21, 93, 87, 78, 17, 23, 37, 98, 35, 58, 16, 14, 44, 59, 61, 19, 76, 22, 97, 90, 46, 31, 10, 73]
Dlugosc cyklu:
13093
Algorytm ŻALU
Lista wierzcholkow: 
[20, 71, 9, 35, 37, 17, 78, 52, 21, 69, 25, 3, 96, 55, 79, 41, 7, 48, 0, 92, 66, 24, 68, 53, 1, 49, 81, 94, 32, 4, 95, 38, 29, 47, 99, 40, 42, 28, 33, 8, 11, 26, 34, 61, 59, 22, 90, 31, 16, 73]
Dlugosc cyklu:
16000
First vertex:  61
Algorytm NNG
Lista wierzcholkow: 
[61, 59, 76, 22, 97, 90, 44, 31, 10, 14, 16, 73, 20, 58, 71, 9, 83, 35, 37, 23, 17, 78, 52, 87, 15, 21, 93, 69, 65, 64, 3, 96, 55, 79, 30, 88, 41, 7, 91, 0, 62, 5, 48, 89, 18, 74, 25, 98, 46, 92]
Dlugosc cyklu:
14448
Algorytm GCY
Lista wierzcholkow: 
[61, 34, 85, 26, 11, 19, 6, 8, 56, 86, 50, 24, 80, 60, 57, 66, 27, 92, 0, 7, 91, 74, 96, 18, 52, 15, 69, 21, 93, 87, 17, 23, 37, 83, 78, 89, 48, 5, 62, 46, 10, 16, 14, 31, 44, 90, 97, 22, 76, 59]
Dlugosc cyklu:
11095
Algorytm ŻALU
Lista wierzcholkow: 
[61, 34, 19, 6, 54, 42, 40, 99, 47, 29, 51, 36, 75, 94, 81, 1, 63, 68, 72, 67, 80, 60, 57, 66, 0, 62, 91, 7, 88, 79, 55, 96, 74, 18, 3, 65, 69, 21, 93, 17, 23, 98, 35, 9, 71, 58, 14, 31, 97, 59]
Dlugosc cyklu:
15948
First vertex:  92
Algorytm NNG
Lista wierzcholkow: 
[92, 27, 66, 57, 60, 24, 80, 68, 72, 49, 43, 1, 53, 39, 63, 67, 84, 38, 29, 95, 77, 51, 4, 36, 32, 75, 12, 94, 81, 47, 99, 70, 40, 13, 2, 45, 28, 33, 82, 54, 11, 26, 85, 34, 19, 56, 6, 8, 86, 50]
Dlugosc cyklu:
11496
Algorytm GCY
Lista wierzcholkow: 
[92, 57, 60, 50, 86, 56, 19, 76, 22, 59, 61, 85, 34, 26, 11, 54, 82, 33, 6, 8, 24, 80, 68, 72, 67, 84, 29, 28, 45, 42, 2, 13, 70, 40, 99, 47, 51, 77, 95, 4, 36, 38, 49, 43, 1, 63, 39, 53, 66, 27]
Dlugosc cyklu:
12175
Algorytm ŻALU
Lista wierzcholkow: 
[92, 0, 5, 91, 7, 41, 79, 55, 96, 3, 25, 69, 15, 52, 78, 17, 23, 98, 58, 16, 31, 90, 22, 59, 61, 34, 19, 6, 54, 33, 45, 2, 13, 99, 47, 29, 51, 4, 32, 94, 81, 49, 1, 53, 68, 80, 50, 57, 66, 27]
Dlugosc cyklu:
15512
First vertex:  45
Algorytm NNG
Lista wierzcholkow: 
[45, 2, 42, 28, 13, 70, 40, 99, 47, 51, 77, 95, 4, 36, 32, 75, 12, 94, 81, 49, 43, 72, 67, 84, 38, 29, 33, 82, 54, 11, 26, 85, 34, 19, 56, 6, 8, 86, 50, 60, 24, 80, 68, 63, 39, 53, 1, 66, 27, 92]
Dlugosc cyklu:
12631
Algorytm GCY
Lista wierzcholkow: 
[45, 26, 34, 85, 61, 59, 22, 76, 19, 11, 56, 50, 60, 57, 92, 27, 66, 68, 39, 53, 63, 1, 72, 43, 49, 38, 36, 4, 95, 77, 51, 29, 84, 67, 80, 24, 86, 6, 8, 54, 82, 33, 28, 13, 47, 99, 70, 40, 2, 42]
Dlugosc cyklu:
13171
Algorytm ŻALU
Lista wierzcholkow: 
[45, 33, 54, 6, 85, 61, 59, 22, 44, 31, 14, 58, 71, 9, 35, 98, 23, 17, 21, 52, 18, 74, 96, 55, 30, 41, 7, 91, 62, 0, 92, 66, 57, 60, 80, 68, 63, 72, 49, 81, 94, 32, 36, 51, 38, 29, 47, 99, 13, 2]
Dlugosc cyklu:
14857
