First vertex:  12
Algorytm NNG
Lista wierzcholkow: 
[12, 77, 16, 44, 35, 95, 91, 18, 43, 40, 17, 23, 76, 15, 1, 41, 13, 63, 81, 32, 14, 5, 3, 82, 86, 59, 73, 65, 93, 56, 33, 6, 83, 57, 51, 53, 42, 88, 49, 54, 21, 22, 87, 36, 71, 64, 78, 80, 46, 55]
Dlugosc cyklu:
15535
Algorytm GCY
Lista wierzcholkow: 
[12, 62, 30, 47, 1, 41, 81, 14, 5, 3, 82, 32, 63, 13, 15, 49, 88, 42, 51, 83, 33, 24, 45, 8, 89, 11, 70, 26, 60, 34, 93, 56, 6, 57, 53, 87, 22, 21, 54, 76, 23, 17, 95, 18, 91, 44, 35, 40, 16, 77]
Dlugosc cyklu:
12727
Algorytm ŻALU
Lista wierzcholkow: 
[12, 62, 47, 50, 81, 14, 5, 3, 86, 73, 56, 34, 70, 11, 89, 94, 31, 58, 75, 96, 90, 2, 92, 72, 52, 69, 66, 4, 61, 99, 80, 46, 64, 74, 48, 37, 71, 53, 22, 54, 49, 76, 23, 17, 95, 91, 43, 40, 16, 77]
Dlugosc cyklu:
15916
First vertex:  93
Algorytm NNG
Lista wierzcholkow: 
[93, 56, 33, 6, 83, 57, 51, 53, 42, 88, 86, 59, 73, 65, 3, 82, 5, 14, 32, 81, 63, 13, 41, 1, 12, 77, 16, 44, 35, 95, 91, 18, 43, 40, 17, 23, 76, 15, 49, 54, 21, 22, 87, 36, 71, 64, 78, 80, 46, 55]
Dlugosc cyklu:
14217
Algorytm GCY
Lista wierzcholkow: 
[93, 34, 60, 26, 70, 11, 97, 31, 58, 75, 96, 90, 27, 92, 10, 2, 98, 7, 28, 94, 0, 89, 20, 9, 67, 85, 48, 68, 61, 25, 99, 55, 80, 78, 64, 29, 74, 79, 19, 37, 8, 45, 24, 33, 57, 53, 51, 83, 6, 56]
Dlugosc cyklu:
10346
Algorytm ŻALU
Lista wierzcholkow: 
[93, 34, 26, 8, 11, 97, 31, 58, 75, 96, 27, 92, 84, 9, 52, 69, 39, 66, 4, 61, 99, 80, 46, 64, 19, 36, 22, 54, 23, 17, 95, 18, 43, 40, 16, 77, 12, 62, 30, 50, 81, 14, 5, 82, 86, 88, 42, 51, 6, 56]
Dlugosc cyklu:
16036
First vertex:  97
Algorytm NNG
Lista wierzcholkow: 
[97, 11, 70, 26, 60, 34, 93, 56, 33, 6, 83, 57, 51, 53, 42, 88, 86, 59, 73, 65, 3, 82, 5, 14, 32, 81, 63, 13, 41, 1, 12, 77, 16, 44, 35, 95, 91, 18, 43, 40, 17, 23, 76, 15, 49, 54, 21, 22, 87, 36]
Dlugosc cyklu:
13332
Algorytm GCY
Lista wierzcholkow: 
[97, 31, 58, 75, 96, 90, 27, 92, 10, 72, 84, 2, 98, 7, 28, 94, 0, 20, 89, 45, 24, 8, 33, 57, 53, 51, 42, 88, 86, 82, 13, 63, 41, 81, 32, 14, 5, 3, 65, 59, 73, 83, 6, 56, 93, 34, 60, 26, 70, 11]
Dlugosc cyklu:
12007
Algorytm ŻALU
Lista wierzcholkow: 
[97, 31, 58, 75, 96, 90, 10, 84, 9, 52, 69, 39, 66, 4, 61, 99, 68, 48, 79, 71, 64, 80, 46, 22, 53, 51, 88, 49, 76, 23, 18, 16, 77, 12, 62, 30, 50, 81, 63, 32, 14, 5, 3, 65, 73, 56, 60, 26, 8, 11]
Dlugosc cyklu:
16823
First vertex:  10
Algorytm NNG
Lista wierzcholkow: 
[10, 92, 2, 27, 90, 96, 98, 7, 28, 31, 58, 75, 97, 11, 70, 26, 60, 34, 93, 56, 33, 6, 83, 57, 51, 53, 42, 88, 86, 59, 73, 65, 3, 82, 5, 14, 32, 81, 63, 13, 41, 1, 12, 77, 16, 44, 35, 95, 91, 18]
Dlugosc cyklu:
13837
Algorytm GCY
Lista wierzcholkow: 
[10, 27, 90, 96, 75, 58, 31, 97, 11, 70, 26, 60, 34, 93, 56, 6, 83, 73, 59, 65, 3, 5, 14, 32, 81, 41, 63, 13, 82, 86, 88, 42, 51, 53, 57, 33, 8, 24, 45, 89, 20, 0, 94, 98, 7, 28, 2, 84, 72, 92]
Dlugosc cyklu:
12046
Algorytm ŻALU
Lista wierzcholkow: 
[10, 2, 90, 96, 75, 58, 31, 0, 70, 26, 34, 65, 86, 3, 5, 32, 81, 50, 30, 62, 12, 77, 16, 40, 43, 18, 95, 23, 76, 49, 54, 22, 53, 51, 6, 33, 71, 79, 64, 46, 80, 99, 61, 4, 66, 69, 52, 9, 72, 92]
Dlugosc cyklu:
16515
First vertex:  57
Algorytm NNG
Lista wierzcholkow: 
[57, 83, 6, 56, 93, 60, 34, 26, 70, 11, 97, 94, 0, 89, 20, 85, 48, 29, 74, 79, 19, 37, 45, 24, 8, 33, 71, 36, 64, 78, 80, 46, 55, 99, 25, 68, 61, 4, 66, 39, 38, 69, 52, 72, 84, 92, 10, 2, 27, 90]
Dlugosc cyklu:
11902
Algorytm GCY
Lista wierzcholkow: 
[57, 6, 56, 93, 34, 60, 26, 70, 11, 97, 31, 58, 75, 96, 90, 27, 92, 10, 2, 98, 7, 28, 94, 0, 89, 20, 9, 67, 85, 48, 68, 61, 25, 99, 55, 80, 78, 64, 29, 74, 79, 19, 37, 8, 45, 24, 33, 83, 51, 53]
Dlugosc cyklu:
10367
Algorytm ŻALU
Lista wierzcholkow: 
[57, 51, 42, 88, 86, 82, 5, 14, 63, 81, 50, 47, 62, 12, 77, 16, 40, 43, 18, 95, 17, 23, 54, 87, 36, 64, 78, 74, 99, 61, 4, 66, 39, 69, 52, 9, 72, 92, 2, 90, 98, 58, 31, 97, 11, 70, 26, 93, 56, 83]
Dlugosc cyklu:
15094
First vertex:  67
Algorytm NNG
Lista wierzcholkow: 
[67, 9, 85, 48, 29, 74, 79, 19, 37, 45, 24, 8, 26, 60, 34, 93, 56, 33, 6, 83, 57, 51, 53, 42, 88, 86, 59, 73, 65, 3, 82, 5, 14, 32, 81, 63, 13, 41, 1, 12, 77, 16, 44, 35, 95, 91, 18, 43, 40, 17]
Dlugosc cyklu:
13389
Algorytm GCY
Lista wierzcholkow: 
[67, 48, 85, 68, 61, 25, 99, 55, 80, 78, 46, 64, 29, 74, 79, 19, 37, 24, 8, 45, 89, 0, 26, 33, 57, 51, 83, 6, 56, 93, 60, 34, 70, 11, 97, 31, 58, 75, 96, 90, 27, 92, 10, 2, 98, 7, 28, 94, 20, 9]
Dlugosc cyklu:
11252
Algorytm ŻALU
Lista wierzcholkow: 
[67, 52, 69, 66, 4, 61, 99, 80, 46, 64, 19, 71, 6, 51, 53, 21, 54, 49, 76, 23, 17, 95, 18, 43, 40, 16, 77, 1, 47, 50, 81, 14, 5, 3, 86, 65, 34, 26, 8, 11, 97, 31, 58, 75, 96, 90, 2, 92, 84, 9]
Dlugosc cyklu:
16582
First vertex:  81
Algorytm NNG
Lista wierzcholkow: 
[81, 63, 13, 41, 1, 12, 77, 16, 44, 35, 95, 91, 18, 43, 40, 17, 23, 76, 15, 49, 42, 88, 86, 59, 73, 65, 3, 82, 5, 14, 32, 47, 30, 62, 50, 54, 21, 22, 87, 53, 51, 57, 83, 6, 56, 93, 60, 34, 26, 70]
Dlugosc cyklu:
15982
Algorytm GCY
Lista wierzcholkow: 
[81, 41, 47, 30, 62, 12, 77, 1, 15, 16, 40, 44, 35, 91, 18, 95, 17, 23, 76, 54, 49, 53, 57, 6, 56, 93, 34, 60, 26, 70, 11, 8, 45, 24, 33, 83, 51, 42, 88, 59, 73, 65, 86, 13, 63, 32, 82, 3, 5, 14]
Dlugosc cyklu:
13366
Algorytm ŻALU
Lista wierzcholkow: 
[81, 50, 47, 62, 12, 77, 16, 43, 95, 17, 23, 76, 49, 54, 87, 53, 51, 6, 56, 33, 71, 19, 64, 46, 80, 99, 61, 4, 66, 39, 69, 52, 72, 10, 90, 96, 75, 58, 31, 94, 89, 11, 70, 26, 34, 65, 86, 3, 82, 63]
Dlugosc cyklu:
16245
First vertex:  48
Algorytm NNG
Lista wierzcholkow: 
[48, 85, 37, 19, 79, 29, 74, 68, 25, 99, 55, 61, 4, 66, 39, 38, 69, 52, 72, 84, 92, 10, 2, 27, 90, 96, 98, 7, 28, 31, 58, 75, 97, 11, 70, 26, 60, 34, 93, 56, 33, 6, 83, 57, 51, 53, 42, 88, 86, 59]
Dlugosc cyklu:
10975
Algorytm GCY
Lista wierzcholkow: 
[48, 89, 0, 45, 24, 8, 33, 57, 51, 83, 6, 56, 93, 34, 60, 26, 70, 11, 97, 31, 58, 75, 96, 90, 27, 92, 10, 2, 98, 7, 28, 94, 20, 9, 67, 68, 61, 25, 99, 55, 80, 78, 46, 64, 29, 74, 79, 19, 37, 85]
Dlugosc cyklu:
10937
Algorytm ŻALU
Lista wierzcholkow: 
[48, 68, 99, 61, 4, 66, 39, 69, 52, 84, 10, 90, 96, 75, 58, 31, 97, 11, 8, 26, 34, 65, 86, 3, 5, 14, 63, 81, 50, 47, 62, 12, 77, 16, 40, 43, 18, 95, 23, 76, 49, 54, 22, 53, 51, 6, 36, 64, 19, 85]
Dlugosc cyklu:
15905
First vertex:  50
Algorytm NNG
Lista wierzcholkow: 
[50, 47, 30, 62, 12, 77, 16, 44, 35, 95, 91, 18, 43, 40, 17, 23, 76, 15, 1, 41, 13, 63, 81, 32, 14, 5, 3, 82, 86, 59, 73, 65, 93, 56, 33, 6, 83, 57, 51, 53, 42, 88, 49, 54, 21, 22, 87, 36, 71, 64]
Dlugosc cyklu:
15365
Algorytm GCY
Lista wierzcholkow: 
[50, 30, 62, 12, 77, 16, 40, 35, 44, 91, 18, 95, 17, 23, 76, 54, 21, 22, 87, 53, 57, 6, 56, 93, 34, 60, 26, 70, 11, 8, 45, 24, 33, 83, 51, 42, 88, 49, 15, 1, 41, 13, 63, 32, 82, 3, 5, 14, 81, 47]
Dlugosc cyklu:
12914
Algorytm ŻALU
Lista wierzcholkow: 
[50, 81, 14, 5, 3, 86, 65, 34, 26, 70, 11, 89, 94, 31, 58, 75, 96, 90, 10, 72, 52, 69, 39, 66, 4, 61, 99, 80, 46, 64, 74, 19, 71, 57, 51, 53, 87, 54, 49, 76, 23, 95, 18, 43, 40, 16, 77, 12, 62, 47]
Dlugosc cyklu:
15982
First vertex:  43
Algorytm NNG
Lista wierzcholkow: 
[43, 91, 18, 95, 35, 44, 16, 40, 77, 12, 1, 41, 13, 63, 81, 32, 14, 5, 3, 82, 86, 59, 73, 65, 93, 56, 33, 6, 83, 57, 51, 53, 42, 88, 49, 54, 21, 22, 87, 36, 71, 64, 78, 80, 46, 55, 99, 25, 68, 61]
Dlugosc cyklu:
15219
Algorytm GCY
Lista wierzcholkow: 
[43, 18, 95, 23, 76, 54, 21, 22, 87, 53, 57, 6, 56, 93, 34, 60, 26, 70, 11, 8, 45, 24, 33, 83, 51, 42, 88, 49, 15, 13, 63, 32, 82, 3, 5, 14, 81, 41, 1, 47, 30, 62, 12, 77, 17, 44, 16, 40, 35, 91]
Dlugosc cyklu:
13396
Algorytm ŻALU
Lista wierzcholkow: 
[43, 40, 16, 77, 12, 62, 30, 50, 81, 14, 5, 3, 86, 73, 56, 34, 70, 11, 89, 94, 31, 58, 75, 96, 90, 2, 92, 72, 52, 69, 39, 66, 4, 61, 99, 80, 46, 64, 74, 48, 37, 71, 53, 22, 54, 49, 76, 23, 95, 91]
Dlugosc cyklu:
16092
First vertex:  6
Algorytm NNG
Lista wierzcholkow: 
[6, 83, 57, 51, 53, 42, 88, 86, 59, 73, 65, 3, 82, 5, 14, 32, 81, 63, 13, 41, 1, 12, 77, 16, 44, 35, 95, 91, 18, 43, 40, 17, 23, 76, 15, 49, 54, 21, 22, 87, 36, 71, 64, 78, 80, 46, 55, 99, 25, 68]
Dlugosc cyklu:
13540
Algorytm GCY
Lista wierzcholkow: 
[6, 57, 53, 51, 83, 33, 24, 45, 8, 37, 19, 79, 74, 29, 64, 78, 80, 55, 99, 25, 61, 68, 48, 85, 67, 9, 20, 89, 0, 94, 28, 7, 98, 2, 10, 92, 27, 90, 96, 75, 58, 31, 97, 11, 70, 26, 60, 34, 93, 56]
Dlugosc cyklu:
10367
Algorytm ŻALU
Lista wierzcholkow: 
[6, 51, 42, 49, 54, 23, 17, 95, 18, 43, 40, 16, 77, 12, 1, 41, 81, 32, 14, 5, 3, 86, 65, 93, 60, 26, 8, 20, 0, 11, 97, 31, 58, 75, 96, 27, 2, 92, 72, 52, 38, 66, 4, 61, 99, 74, 78, 64, 36, 83]
Dlugosc cyklu:
14392
First vertex:  71
Algorytm NNG
Lista wierzcholkow: 
[71, 36, 64, 78, 80, 46, 55, 99, 25, 68, 61, 4, 66, 39, 38, 69, 52, 72, 84, 92, 10, 2, 27, 90, 96, 98, 7, 28, 31, 58, 75, 97, 11, 70, 26, 60, 34, 93, 56, 33, 6, 83, 57, 51, 53, 42, 88, 86, 59, 73]
Dlugosc cyklu:
11354
Algorytm GCY
Lista wierzcholkow: 
[71, 37, 19, 79, 85, 48, 89, 0, 45, 24, 8, 33, 57, 83, 6, 56, 93, 34, 60, 26, 70, 11, 97, 31, 58, 75, 96, 90, 27, 10, 2, 98, 7, 28, 94, 20, 9, 67, 29, 74, 68, 61, 25, 99, 55, 46, 80, 78, 64, 36]
Dlugosc cyklu:
11191
Algorytm ŻALU
Lista wierzcholkow: 
[71, 33, 56, 6, 51, 53, 21, 54, 49, 76, 23, 17, 43, 77, 12, 62, 47, 50, 81, 14, 5, 3, 86, 65, 34, 26, 70, 11, 89, 94, 31, 58, 75, 96, 90, 2, 92, 84, 9, 52, 69, 39, 66, 4, 61, 99, 74, 78, 64, 36]
Dlugosc cyklu:
16669
First vertex:  36
Algorytm NNG
Lista wierzcholkow: 
[36, 71, 64, 78, 80, 46, 55, 99, 25, 68, 61, 4, 66, 39, 38, 69, 52, 72, 84, 92, 10, 2, 27, 90, 96, 98, 7, 28, 31, 58, 75, 97, 11, 70, 26, 60, 34, 93, 56, 33, 6, 83, 57, 51, 53, 42, 88, 86, 59, 73]
Dlugosc cyklu:
11519
Algorytm GCY
Lista wierzcholkow: 
[36, 64, 78, 80, 46, 55, 99, 25, 61, 68, 74, 29, 67, 9, 20, 94, 28, 7, 98, 2, 10, 27, 90, 96, 75, 58, 31, 97, 11, 70, 26, 60, 34, 93, 56, 6, 83, 57, 33, 8, 24, 45, 0, 89, 48, 85, 79, 19, 37, 71]
Dlugosc cyklu:
11191
Algorytm ŻALU
Lista wierzcholkow: 
[36, 64, 78, 74, 99, 61, 4, 66, 39, 69, 52, 9, 84, 92, 2, 90, 96, 75, 58, 31, 94, 89, 11, 70, 26, 34, 65, 86, 3, 5, 14, 81, 50, 47, 62, 12, 77, 43, 17, 23, 76, 49, 54, 21, 53, 51, 6, 56, 33, 71]
Dlugosc cyklu:
16669
First vertex:  19
Algorytm NNG
Lista wierzcholkow: 
[19, 79, 37, 85, 48, 29, 74, 68, 25, 99, 55, 61, 4, 66, 39, 38, 69, 52, 72, 84, 92, 10, 2, 27, 90, 96, 98, 7, 28, 31, 58, 75, 97, 11, 70, 26, 60, 34, 93, 56, 33, 6, 83, 57, 51, 53, 42, 88, 86, 59]
Dlugosc cyklu:
10882
Algorytm GCY
Lista wierzcholkow: 
[19, 37, 85, 48, 89, 0, 45, 24, 8, 33, 57, 51, 83, 6, 56, 93, 34, 60, 26, 70, 11, 97, 31, 58, 75, 96, 90, 27, 92, 10, 2, 98, 7, 28, 94, 20, 9, 67, 68, 61, 25, 99, 55, 80, 78, 46, 64, 29, 74, 79]
Dlugosc cyklu:
10937
Algorytm ŻALU
Lista wierzcholkow: 
[19, 64, 71, 33, 83, 51, 53, 22, 54, 49, 76, 23, 17, 95, 18, 43, 40, 16, 77, 12, 62, 30, 50, 81, 14, 5, 3, 65, 73, 93, 60, 70, 11, 97, 31, 58, 75, 96, 90, 10, 84, 9, 52, 69, 66, 4, 61, 99, 74, 79]
Dlugosc cyklu:
15587
First vertex:  33
Algorytm NNG
Lista wierzcholkow: 
[33, 56, 93, 60, 34, 26, 70, 11, 97, 94, 0, 89, 20, 85, 48, 29, 74, 79, 19, 37, 45, 24, 8, 71, 36, 64, 78, 80, 46, 55, 99, 25, 68, 61, 4, 66, 39, 38, 69, 52, 72, 84, 92, 10, 2, 27, 90, 96, 98, 7]
Dlugosc cyklu:
11305
Algorytm GCY
Lista wierzcholkow: 
[33, 24, 45, 8, 37, 19, 79, 74, 29, 64, 78, 80, 55, 99, 25, 61, 68, 48, 85, 67, 9, 20, 89, 0, 94, 28, 7, 98, 2, 10, 92, 27, 90, 96, 75, 58, 31, 97, 11, 70, 26, 60, 34, 93, 56, 6, 83, 51, 53, 57]
Dlugosc cyklu:
10346
Algorytm ŻALU
Lista wierzcholkow: 
[33, 45, 37, 29, 48, 67, 20, 89, 11, 97, 31, 58, 98, 27, 92, 72, 52, 69, 39, 66, 4, 61, 99, 80, 46, 64, 36, 53, 22, 54, 49, 76, 23, 95, 18, 43, 40, 16, 77, 12, 62, 47, 50, 81, 14, 5, 82, 86, 73, 56]
Dlugosc cyklu:
15986
First vertex:  98
Algorytm NNG
Lista wierzcholkow: 
[98, 7, 28, 31, 58, 75, 96, 90, 27, 2, 10, 92, 84, 72, 52, 69, 38, 39, 66, 4, 61, 25, 99, 55, 68, 74, 29, 79, 19, 37, 85, 48, 67, 9, 20, 89, 0, 94, 97, 11, 70, 26, 60, 34, 93, 56, 33, 6, 83, 57]
Dlugosc cyklu:
10478
Algorytm GCY
Lista wierzcholkow: 
[98, 2, 84, 72, 10, 92, 27, 90, 96, 75, 58, 31, 97, 11, 70, 26, 60, 34, 93, 56, 6, 83, 73, 59, 65, 3, 5, 14, 32, 81, 41, 63, 13, 82, 86, 88, 42, 51, 53, 57, 33, 8, 24, 45, 89, 20, 0, 94, 28, 7]
Dlugosc cyklu:
12007
Algorytm ŻALU
Lista wierzcholkow: 
[98, 58, 31, 94, 89, 11, 70, 26, 34, 65, 86, 3, 5, 14, 63, 81, 50, 30, 62, 12, 77, 16, 35, 17, 23, 76, 49, 54, 22, 53, 51, 57, 71, 19, 48, 74, 64, 46, 80, 99, 61, 4, 66, 38, 52, 72, 92, 2, 27, 7]
Dlugosc cyklu:
15875
First vertex:  14
Algorytm NNG
Lista wierzcholkow: 
[14, 32, 5, 3, 82, 63, 13, 41, 1, 12, 77, 16, 44, 35, 95, 91, 18, 43, 40, 17, 23, 76, 15, 49, 42, 88, 86, 59, 73, 65, 93, 56, 33, 6, 83, 57, 51, 53, 71, 36, 64, 78, 80, 46, 55, 99, 25, 68, 61, 4]
Dlugosc cyklu:
15352
Algorytm GCY
Lista wierzcholkow: 
[14, 5, 3, 82, 13, 63, 41, 1, 15, 49, 88, 42, 51, 83, 33, 24, 45, 8, 89, 11, 70, 26, 60, 34, 93, 56, 6, 57, 53, 87, 22, 21, 54, 76, 23, 17, 95, 18, 91, 44, 35, 40, 16, 77, 12, 62, 30, 47, 81, 32]
Dlugosc cyklu:
12181
Algorytm ŻALU
Lista wierzcholkow: 
[14, 5, 3, 86, 65, 34, 26, 70, 11, 94, 31, 58, 75, 96, 90, 10, 72, 52, 69, 39, 66, 4, 61, 99, 80, 46, 64, 19, 71, 33, 56, 6, 51, 53, 87, 54, 49, 76, 23, 17, 91, 16, 77, 12, 62, 47, 50, 81, 63, 32]
Dlugosc cyklu:
15807
First vertex:  22
Algorytm NNG
Lista wierzcholkow: 
[22, 21, 87, 54, 49, 42, 88, 86, 59, 73, 65, 3, 82, 5, 14, 32, 81, 63, 13, 41, 1, 12, 77, 16, 44, 35, 95, 91, 18, 43, 40, 17, 23, 76, 15, 62, 30, 47, 50, 51, 53, 57, 83, 6, 56, 93, 60, 34, 26, 70]
Dlugosc cyklu:
15338
Algorytm GCY
Lista wierzcholkow: 
[22, 87, 53, 57, 6, 56, 93, 34, 60, 26, 70, 11, 8, 45, 24, 33, 83, 51, 42, 88, 49, 13, 63, 32, 82, 3, 5, 14, 81, 41, 47, 30, 62, 12, 16, 40, 43, 91, 18, 95, 35, 44, 77, 1, 15, 76, 17, 23, 54, 21]
Dlugosc cyklu:
13091
Algorytm ŻALU
Lista wierzcholkow: 
[22, 53, 51, 57, 71, 19, 64, 46, 80, 99, 61, 4, 66, 39, 69, 52, 72, 10, 90, 96, 75, 58, 31, 97, 11, 8, 26, 34, 65, 59, 88, 82, 5, 14, 81, 50, 47, 62, 12, 77, 16, 40, 43, 18, 95, 23, 76, 49, 54, 21]
Dlugosc cyklu:
16163
First vertex:  8
Algorytm NNG
Lista wierzcholkow: 
[8, 24, 45, 89, 0, 94, 97, 11, 70, 26, 60, 34, 93, 56, 33, 6, 83, 57, 51, 53, 42, 88, 86, 59, 73, 65, 3, 82, 5, 14, 32, 81, 63, 13, 41, 1, 12, 77, 16, 44, 35, 95, 91, 18, 43, 40, 17, 23, 76, 15]
Dlugosc cyklu:
12750
Algorytm GCY
Lista wierzcholkow: 
[8, 45, 24, 33, 57, 53, 51, 83, 6, 56, 93, 34, 60, 26, 70, 11, 97, 31, 58, 75, 96, 90, 27, 92, 10, 2, 98, 7, 28, 94, 0, 89, 20, 9, 67, 85, 48, 68, 61, 25, 99, 55, 80, 78, 64, 29, 74, 79, 19, 37]
Dlugosc cyklu:
10346
Algorytm ŻALU
Lista wierzcholkow: 
[8, 70, 11, 97, 31, 58, 75, 96, 90, 10, 84, 9, 52, 69, 39, 66, 4, 61, 99, 80, 46, 64, 19, 36, 53, 21, 54, 49, 76, 23, 17, 95, 18, 43, 40, 16, 77, 12, 62, 47, 50, 81, 14, 5, 3, 86, 73, 56, 33, 24]
Dlugosc cyklu:
15418
First vertex:  24
Algorytm NNG
Lista wierzcholkow: 
[24, 8, 45, 89, 0, 94, 97, 11, 70, 26, 60, 34, 93, 56, 33, 6, 83, 57, 51, 53, 42, 88, 86, 59, 73, 65, 3, 82, 5, 14, 32, 81, 63, 13, 41, 1, 12, 77, 16, 44, 35, 95, 91, 18, 43, 40, 17, 23, 76, 15]
Dlugosc cyklu:
12754
Algorytm GCY
Lista wierzcholkow: 
[24, 45, 8, 37, 19, 79, 74, 29, 64, 78, 80, 55, 99, 25, 61, 68, 48, 85, 67, 9, 20, 89, 0, 94, 28, 7, 98, 2, 10, 92, 27, 90, 96, 75, 58, 31, 97, 11, 70, 26, 60, 34, 93, 56, 6, 83, 51, 53, 57, 33]
Dlugosc cyklu:
10346
Algorytm ŻALU
Lista wierzcholkow: 
[24, 33, 56, 73, 86, 3, 5, 14, 81, 50, 47, 62, 12, 77, 16, 40, 43, 18, 95, 17, 23, 76, 49, 54, 21, 53, 36, 19, 64, 46, 80, 99, 61, 4, 66, 39, 69, 52, 9, 84, 10, 90, 96, 75, 58, 31, 97, 11, 70, 8]
Dlugosc cyklu:
15418
First vertex:  42
Algorytm NNG
Lista wierzcholkow: 
[42, 88, 86, 59, 73, 65, 3, 82, 5, 14, 32, 81, 63, 13, 41, 1, 12, 77, 16, 44, 35, 95, 91, 18, 43, 40, 17, 23, 76, 15, 49, 54, 21, 22, 87, 53, 51, 57, 83, 6, 56, 93, 60, 34, 26, 70, 11, 97, 94, 0]
Dlugosc cyklu:
13076
Algorytm GCY
Lista wierzcholkow: 
[42, 51, 53, 57, 83, 6, 33, 24, 45, 8, 37, 19, 79, 74, 29, 25, 68, 48, 85, 67, 9, 20, 89, 0, 94, 28, 7, 98, 2, 10, 92, 27, 90, 96, 75, 58, 31, 97, 11, 70, 26, 60, 34, 56, 93, 59, 73, 65, 86, 88]
Dlugosc cyklu:
10777
Algorytm ŻALU
Lista wierzcholkow: 
[42, 51, 53, 71, 64, 79, 74, 99, 61, 4, 66, 38, 52, 72, 92, 2, 27, 96, 75, 58, 31, 94, 89, 11, 70, 26, 34, 65, 86, 3, 5, 14, 32, 63, 81, 50, 30, 62, 1, 77, 16, 40, 43, 91, 95, 23, 76, 54, 49, 88]
Dlugosc cyklu:
15592
First vertex:  61
Algorytm NNG
Lista wierzcholkow: 
[61, 25, 99, 55, 68, 74, 29, 79, 19, 37, 85, 48, 67, 9, 20, 89, 0, 94, 97, 11, 70, 26, 60, 34, 93, 56, 33, 6, 83, 57, 51, 53, 42, 88, 86, 59, 73, 65, 3, 82, 5, 14, 32, 81, 63, 13, 41, 1, 12, 77]
Dlugosc cyklu:
13047
Algorytm GCY
Lista wierzcholkow: 
[61, 55, 99, 25, 74, 79, 19, 37, 85, 48, 89, 0, 45, 24, 8, 33, 57, 53, 51, 83, 6, 56, 93, 34, 60, 26, 70, 11, 97, 31, 58, 75, 96, 90, 27, 92, 10, 72, 84, 2, 98, 7, 28, 94, 20, 9, 67, 29, 68, 4]
Dlugosc cyklu:
11600
Algorytm ŻALU
Lista wierzcholkow: 
[61, 99, 25, 68, 67, 48, 19, 78, 46, 22, 54, 23, 17, 95, 18, 43, 40, 16, 77, 12, 62, 47, 50, 81, 14, 5, 3, 65, 73, 88, 42, 53, 83, 33, 93, 34, 70, 11, 97, 31, 58, 98, 90, 2, 92, 72, 52, 38, 66, 4]
Dlugosc cyklu:
15992
First vertex:  92
Algorytm NNG
Lista wierzcholkow: 
[92, 10, 2, 27, 90, 96, 98, 7, 28, 31, 58, 75, 97, 11, 70, 26, 60, 34, 93, 56, 33, 6, 83, 57, 51, 53, 42, 88, 86, 59, 73, 65, 3, 82, 5, 14, 32, 81, 63, 13, 41, 1, 12, 77, 16, 44, 35, 95, 91, 18]
Dlugosc cyklu:
13819
Algorytm GCY
Lista wierzcholkow: 
[92, 72, 84, 2, 28, 7, 98, 94, 0, 20, 89, 45, 24, 8, 33, 57, 53, 51, 42, 88, 86, 82, 13, 63, 41, 81, 32, 14, 5, 3, 65, 59, 73, 83, 6, 56, 93, 34, 60, 26, 70, 11, 97, 31, 58, 75, 96, 90, 27, 10]
Dlugosc cyklu:
12046
Algorytm ŻALU
Lista wierzcholkow: 
[92, 72, 9, 52, 69, 66, 4, 61, 99, 80, 46, 64, 79, 71, 33, 6, 51, 53, 22, 54, 49, 76, 23, 95, 18, 43, 40, 16, 77, 12, 62, 30, 50, 81, 32, 5, 3, 86, 65, 34, 26, 70, 0, 31, 58, 75, 96, 90, 2, 10]
Dlugosc cyklu:
16515
First vertex:  79
Algorytm NNG
Lista wierzcholkow: 
[79, 19, 37, 85, 48, 29, 74, 68, 25, 99, 55, 61, 4, 66, 39, 38, 69, 52, 72, 84, 92, 10, 2, 27, 90, 96, 98, 7, 28, 31, 58, 75, 97, 11, 70, 26, 60, 34, 93, 56, 33, 6, 83, 57, 51, 53, 42, 88, 86, 59]
Dlugosc cyklu:
10866
Algorytm GCY
Lista wierzcholkow: 
[79, 74, 29, 64, 46, 78, 80, 55, 99, 25, 61, 68, 67, 9, 20, 94, 28, 7, 98, 2, 10, 92, 27, 90, 96, 75, 58, 31, 97, 11, 70, 26, 60, 34, 93, 56, 6, 83, 51, 57, 33, 8, 24, 45, 0, 89, 48, 85, 37, 19]
Dlugosc cyklu:
10937
Algorytm ŻALU
Lista wierzcholkow: 
[79, 74, 99, 61, 4, 66, 69, 52, 9, 84, 10, 90, 96, 75, 58, 31, 97, 11, 70, 60, 93, 73, 65, 3, 5, 14, 81, 50, 30, 62, 12, 77, 16, 40, 43, 18, 95, 17, 23, 76, 49, 54, 22, 53, 51, 83, 33, 71, 64, 19]
Dlugosc cyklu:
15587
First vertex:  90
Algorytm NNG
Lista wierzcholkow: 
[90, 27, 96, 98, 7, 28, 31, 58, 75, 97, 11, 70, 26, 60, 34, 93, 56, 33, 6, 83, 57, 51, 53, 42, 88, 86, 59, 73, 65, 3, 82, 5, 14, 32, 81, 63, 13, 41, 1, 12, 77, 16, 44, 35, 95, 91, 18, 43, 40, 17]
Dlugosc cyklu:
14232
Algorytm GCY
Lista wierzcholkow: 
[90, 96, 75, 58, 31, 97, 11, 70, 26, 60, 34, 93, 56, 6, 83, 73, 59, 65, 3, 5, 14, 32, 81, 41, 63, 13, 82, 86, 88, 42, 51, 53, 57, 33, 8, 24, 45, 89, 20, 0, 94, 98, 28, 7, 2, 84, 72, 10, 92, 27]
Dlugosc cyklu:
12183
Algorytm ŻALU
Lista wierzcholkow: 
[90, 96, 75, 58, 31, 94, 89, 11, 70, 26, 34, 65, 86, 3, 5, 14, 81, 50, 30, 62, 12, 77, 16, 35, 17, 23, 76, 49, 54, 22, 53, 51, 57, 71, 19, 74, 64, 46, 80, 99, 61, 4, 66, 39, 69, 52, 9, 84, 10, 27]
Dlugosc cyklu:
15842
First vertex:  54
Algorytm NNG
Lista wierzcholkow: 
[54, 21, 22, 87, 53, 51, 57, 83, 6, 56, 93, 60, 34, 26, 70, 11, 97, 94, 0, 89, 20, 85, 48, 29, 74, 79, 19, 37, 45, 24, 8, 33, 71, 36, 64, 78, 80, 46, 55, 99, 25, 68, 61, 4, 66, 39, 38, 69, 52, 72]
Dlugosc cyklu:
13139
Algorytm GCY
Lista wierzcholkow: 
[54, 23, 17, 76, 15, 1, 77, 44, 35, 95, 18, 91, 43, 40, 16, 12, 62, 30, 47, 41, 81, 14, 5, 3, 82, 32, 63, 13, 49, 88, 42, 51, 83, 33, 24, 45, 8, 11, 70, 26, 60, 34, 93, 56, 6, 57, 53, 87, 22, 21]
Dlugosc cyklu:
13091
Algorytm ŻALU
Lista wierzcholkow: 
[54, 49, 76, 95, 15, 1, 12, 62, 47, 50, 81, 63, 32, 14, 5, 3, 86, 65, 34, 26, 8, 20, 0, 11, 97, 31, 58, 75, 96, 90, 10, 72, 52, 69, 39, 66, 4, 61, 99, 80, 46, 64, 74, 48, 19, 71, 6, 51, 53, 21]
Dlugosc cyklu:
16636
First vertex:  58
Algorytm NNG
Lista wierzcholkow: 
[58, 75, 98, 7, 28, 31, 97, 11, 70, 26, 60, 34, 93, 56, 33, 6, 83, 57, 51, 53, 42, 88, 86, 59, 73, 65, 3, 82, 5, 14, 32, 81, 63, 13, 41, 1, 12, 77, 16, 44, 35, 95, 91, 18, 43, 40, 17, 23, 76, 15]
Dlugosc cyklu:
13508
Algorytm GCY
Lista wierzcholkow: 
[58, 31, 97, 11, 70, 26, 60, 34, 93, 56, 6, 83, 73, 59, 65, 3, 5, 14, 32, 81, 41, 63, 13, 82, 86, 88, 42, 51, 53, 57, 33, 8, 24, 45, 89, 20, 0, 94, 28, 7, 98, 2, 84, 72, 10, 92, 27, 90, 96, 75]
Dlugosc cyklu:
12007
Algorytm ŻALU
Lista wierzcholkow: 
[58, 31, 94, 89, 11, 70, 26, 34, 65, 86, 3, 5, 14, 81, 50, 30, 62, 12, 77, 16, 35, 17, 23, 76, 49, 54, 22, 53, 51, 57, 71, 19, 48, 74, 64, 46, 80, 99, 61, 4, 66, 39, 69, 52, 9, 84, 10, 90, 96, 75]
Dlugosc cyklu:
16169
First vertex:  29
Algorytm NNG
Lista wierzcholkow: 
[29, 74, 79, 19, 37, 85, 48, 67, 9, 20, 89, 0, 94, 97, 11, 70, 26, 60, 34, 93, 56, 33, 6, 83, 57, 51, 53, 42, 88, 86, 59, 73, 65, 3, 82, 5, 14, 32, 81, 63, 13, 41, 1, 12, 77, 16, 44, 35, 95, 91]
Dlugosc cyklu:
12620
Algorytm GCY
Lista wierzcholkow: 
[29, 64, 46, 78, 80, 55, 99, 25, 61, 68, 67, 9, 20, 94, 28, 7, 98, 2, 10, 92, 27, 90, 96, 75, 58, 31, 97, 11, 70, 26, 60, 34, 93, 56, 6, 83, 51, 57, 33, 8, 24, 45, 0, 89, 48, 85, 37, 19, 79, 74]
Dlugosc cyklu:
10937
Algorytm ŻALU
Lista wierzcholkow: 
[29, 64, 36, 57, 51, 53, 22, 54, 49, 76, 23, 95, 18, 43, 40, 16, 77, 12, 62, 47, 50, 14, 5, 3, 82, 13, 88, 59, 65, 34, 26, 8, 11, 97, 31, 58, 75, 96, 90, 2, 92, 72, 9, 52, 69, 66, 4, 61, 99, 74]
Dlugosc cyklu:
16478
First vertex:  44
Algorytm NNG
Lista wierzcholkow: 
[44, 35, 16, 40, 91, 18, 95, 17, 23, 76, 15, 1, 12, 77, 62, 30, 47, 81, 63, 13, 41, 32, 14, 5, 3, 82, 86, 59, 73, 65, 93, 56, 33, 6, 83, 57, 51, 53, 42, 88, 49, 54, 21, 22, 87, 36, 71, 64, 78, 80]
Dlugosc cyklu:
14453
Algorytm GCY
Lista wierzcholkow: 
[44, 17, 23, 76, 77, 15, 49, 54, 21, 22, 87, 53, 57, 6, 56, 93, 34, 60, 26, 8, 33, 83, 51, 42, 88, 59, 73, 65, 86, 13, 63, 32, 82, 3, 5, 14, 81, 41, 1, 12, 62, 47, 30, 16, 40, 43, 91, 18, 95, 35]
Dlugosc cyklu:
13926
Algorytm ŻALU
Lista wierzcholkow: 
[44, 77, 15, 41, 62, 47, 50, 14, 5, 3, 86, 65, 34, 26, 8, 20, 0, 11, 97, 31, 58, 75, 96, 90, 10, 72, 52, 69, 39, 66, 4, 61, 99, 80, 46, 64, 74, 19, 71, 6, 51, 53, 22, 54, 49, 76, 23, 17, 43, 35]
Dlugosc cyklu:
17002
First vertex:  30
Algorytm NNG
Lista wierzcholkow: 
[30, 47, 62, 12, 77, 16, 44, 35, 95, 91, 18, 43, 40, 17, 23, 76, 15, 1, 41, 13, 63, 81, 32, 14, 5, 3, 82, 86, 59, 73, 65, 93, 56, 33, 6, 83, 57, 51, 53, 42, 88, 49, 54, 21, 22, 87, 36, 71, 64, 78]
Dlugosc cyklu:
14995
Algorytm GCY
Lista wierzcholkow: 
[30, 62, 12, 77, 16, 40, 35, 44, 91, 18, 95, 17, 23, 76, 54, 21, 22, 87, 53, 57, 6, 56, 93, 34, 60, 26, 70, 11, 89, 8, 45, 24, 33, 83, 51, 42, 88, 49, 15, 1, 41, 13, 63, 32, 82, 3, 5, 14, 81, 47]
Dlugosc cyklu:
12391
Algorytm ŻALU
Lista wierzcholkow: 
[30, 62, 12, 77, 43, 17, 15, 49, 54, 22, 53, 51, 6, 56, 33, 71, 19, 64, 46, 80, 99, 61, 4, 66, 69, 52, 9, 72, 92, 2, 90, 96, 75, 58, 31, 94, 89, 11, 70, 26, 34, 65, 86, 3, 5, 14, 32, 63, 81, 47]
Dlugosc cyklu:
16897
First vertex:  11
Algorytm NNG
Lista wierzcholkow: 
[11, 97, 94, 0, 89, 20, 85, 48, 29, 74, 79, 19, 37, 45, 24, 8, 26, 60, 34, 93, 56, 33, 6, 83, 57, 51, 53, 42, 88, 86, 59, 73, 65, 3, 82, 5, 14, 32, 81, 63, 13, 41, 1, 12, 77, 16, 44, 35, 95, 91]
Dlugosc cyklu:
12875
Algorytm GCY
Lista wierzcholkow: 
[11, 70, 26, 60, 34, 93, 56, 6, 83, 73, 59, 65, 3, 5, 14, 32, 81, 41, 63, 13, 82, 86, 88, 42, 51, 53, 57, 33, 8, 24, 45, 89, 20, 0, 94, 28, 7, 98, 2, 84, 72, 10, 92, 27, 90, 96, 75, 58, 31, 97]
Dlugosc cyklu:
12007
Algorytm ŻALU
Lista wierzcholkow: 
[11, 8, 26, 60, 56, 73, 65, 3, 5, 14, 32, 63, 81, 50, 30, 62, 12, 77, 16, 18, 23, 76, 49, 88, 51, 53, 22, 46, 80, 64, 71, 79, 48, 68, 99, 61, 4, 66, 39, 69, 52, 9, 84, 10, 90, 96, 75, 58, 31, 97]
Dlugosc cyklu:
16823
First vertex:  21
Algorytm NNG
Lista wierzcholkow: 
[21, 22, 87, 54, 49, 42, 88, 86, 59, 73, 65, 3, 82, 5, 14, 32, 81, 63, 13, 41, 1, 12, 77, 16, 44, 35, 95, 91, 18, 43, 40, 17, 23, 76, 15, 62, 30, 47, 50, 51, 53, 57, 83, 6, 56, 93, 60, 34, 26, 70]
Dlugosc cyklu:
15336
Algorytm GCY
Lista wierzcholkow: 
[21, 54, 23, 17, 76, 15, 1, 77, 44, 35, 95, 18, 91, 43, 40, 16, 12, 62, 30, 47, 41, 81, 14, 5, 3, 82, 32, 63, 13, 49, 88, 42, 51, 83, 33, 24, 45, 8, 11, 70, 26, 60, 34, 93, 56, 6, 57, 53, 87, 22]
Dlugosc cyklu:
13091
Algorytm ŻALU
Lista wierzcholkow: 
[21, 54, 49, 76, 23, 95, 18, 43, 40, 16, 77, 12, 62, 47, 50, 81, 14, 5, 82, 88, 59, 65, 34, 26, 8, 11, 97, 31, 58, 75, 96, 90, 10, 72, 52, 69, 39, 66, 4, 61, 99, 80, 46, 64, 19, 71, 57, 51, 53, 22]
Dlugosc cyklu:
16163
First vertex:  28
Algorytm NNG
Lista wierzcholkow: 
[28, 7, 98, 96, 75, 58, 31, 97, 11, 70, 26, 60, 34, 93, 56, 33, 6, 83, 57, 51, 53, 42, 88, 86, 59, 73, 65, 3, 82, 5, 14, 32, 81, 63, 13, 41, 1, 12, 77, 16, 44, 35, 95, 91, 18, 43, 40, 17, 23, 76]
Dlugosc cyklu:
13370
Algorytm GCY
Lista wierzcholkow: 
[28, 94, 0, 20, 89, 45, 24, 8, 33, 57, 53, 51, 42, 88, 86, 82, 13, 63, 41, 81, 32, 14, 5, 3, 65, 59, 73, 83, 6, 56, 93, 34, 60, 26, 70, 11, 97, 31, 58, 75, 96, 90, 27, 92, 10, 72, 84, 2, 98, 7]
Dlugosc cyklu:
12007
Algorytm ŻALU
Lista wierzcholkow: 
[28, 31, 94, 89, 11, 70, 34, 56, 73, 86, 3, 5, 14, 32, 63, 81, 50, 30, 62, 12, 77, 16, 35, 17, 23, 76, 49, 54, 22, 53, 71, 37, 48, 74, 64, 46, 80, 99, 61, 4, 66, 39, 69, 52, 72, 92, 2, 90, 96, 7]
Dlugosc cyklu:
15454
First vertex:  34
Algorytm NNG
Lista wierzcholkow: 
[34, 60, 26, 70, 11, 97, 94, 0, 89, 20, 85, 48, 29, 74, 79, 19, 37, 45, 24, 8, 33, 56, 93, 73, 59, 86, 88, 42, 51, 53, 57, 83, 6, 71, 36, 64, 78, 80, 46, 55, 99, 25, 68, 61, 4, 66, 39, 38, 69, 52]
Dlugosc cyklu:
12167
Algorytm GCY
Lista wierzcholkow: 
[34, 93, 56, 6, 83, 51, 53, 57, 33, 24, 45, 8, 37, 19, 79, 74, 29, 64, 78, 80, 55, 99, 25, 61, 68, 48, 85, 67, 9, 20, 89, 0, 94, 28, 7, 98, 2, 10, 92, 27, 90, 96, 75, 58, 31, 97, 11, 70, 26, 60]
Dlugosc cyklu:
10346
Algorytm ŻALU
Lista wierzcholkow: 
[34, 70, 11, 89, 94, 31, 58, 75, 96, 27, 92, 72, 52, 38, 66, 4, 61, 99, 80, 46, 64, 37, 36, 53, 22, 54, 49, 76, 23, 18, 43, 40, 16, 77, 12, 62, 47, 50, 81, 63, 32, 14, 5, 3, 65, 59, 83, 33, 93, 60]
Dlugosc cyklu:
16391
First vertex:  60
Algorytm NNG
Lista wierzcholkow: 
[60, 34, 26, 70, 11, 97, 94, 0, 89, 20, 85, 48, 29, 74, 79, 19, 37, 45, 24, 8, 33, 56, 93, 73, 59, 86, 88, 42, 51, 53, 57, 83, 6, 71, 36, 64, 78, 80, 46, 55, 99, 25, 68, 61, 4, 66, 39, 38, 69, 52]
Dlugosc cyklu:
12218
Algorytm GCY
Lista wierzcholkow: 
[60, 26, 70, 11, 97, 31, 58, 75, 96, 90, 27, 92, 10, 2, 98, 7, 28, 94, 0, 89, 20, 9, 67, 85, 48, 68, 61, 25, 99, 55, 80, 78, 64, 29, 74, 79, 19, 37, 8, 45, 24, 33, 57, 53, 51, 83, 6, 56, 93, 34]
Dlugosc cyklu:
10346
Algorytm ŻALU
Lista wierzcholkow: 
[60, 93, 33, 83, 59, 65, 3, 5, 14, 32, 63, 81, 50, 47, 62, 12, 77, 16, 40, 43, 18, 23, 76, 49, 54, 22, 53, 36, 37, 64, 46, 80, 99, 61, 4, 66, 38, 52, 72, 92, 27, 96, 75, 58, 31, 94, 89, 11, 70, 34]
Dlugosc cyklu:
16391
First vertex:  51
Algorytm NNG
Lista wierzcholkow: 
[51, 53, 57, 83, 6, 56, 93, 60, 34, 26, 70, 11, 97, 94, 0, 89, 20, 85, 48, 29, 74, 79, 19, 37, 45, 24, 8, 33, 71, 36, 64, 78, 80, 46, 55, 99, 25, 68, 61, 4, 66, 39, 38, 69, 52, 72, 84, 92, 10, 2]
Dlugosc cyklu:
12057
Algorytm GCY
Lista wierzcholkow: 
[51, 83, 33, 24, 45, 8, 37, 19, 79, 74, 29, 64, 78, 80, 55, 99, 25, 61, 68, 48, 85, 67, 9, 20, 89, 0, 94, 28, 7, 98, 2, 10, 92, 27, 90, 96, 75, 58, 31, 97, 11, 70, 26, 60, 34, 93, 56, 6, 57, 53]
Dlugosc cyklu:
10367
Algorytm ŻALU
Lista wierzcholkow: 
[51, 42, 49, 76, 17, 95, 18, 43, 40, 16, 77, 12, 62, 47, 50, 81, 63, 32, 5, 3, 86, 73, 93, 33, 26, 70, 11, 97, 31, 58, 75, 96, 27, 92, 72, 52, 38, 66, 4, 61, 99, 68, 48, 79, 71, 64, 80, 46, 22, 53]
Dlugosc cyklu:
15647
First vertex:  66
Algorytm NNG
Lista wierzcholkow: 
[66, 4, 61, 25, 99, 55, 68, 74, 29, 79, 19, 37, 85, 48, 67, 9, 20, 89, 0, 94, 97, 11, 70, 26, 60, 34, 93, 56, 33, 6, 83, 57, 51, 53, 42, 88, 86, 59, 73, 65, 3, 82, 5, 14, 32, 81, 63, 13, 41, 1]
Dlugosc cyklu:
13641
Algorytm GCY
Lista wierzcholkow: 
[66, 69, 52, 38, 39, 9, 67, 20, 94, 28, 7, 98, 2, 10, 27, 90, 96, 75, 58, 31, 97, 11, 70, 26, 60, 34, 93, 56, 6, 83, 57, 33, 8, 24, 45, 0, 89, 85, 48, 37, 19, 79, 29, 74, 68, 25, 99, 55, 61, 4]
Dlugosc cyklu:
10650
Algorytm ŻALU
Lista wierzcholkow: 
[66, 38, 52, 84, 92, 2, 90, 96, 75, 58, 31, 97, 11, 0, 20, 8, 26, 34, 65, 59, 88, 3, 5, 14, 32, 63, 81, 50, 30, 62, 12, 77, 16, 35, 17, 23, 76, 49, 54, 22, 53, 51, 57, 36, 64, 79, 74, 99, 61, 4]
Dlugosc cyklu:
15659
First vertex:  13
Algorytm NNG
Lista wierzcholkow: 
[13, 63, 81, 41, 1, 12, 77, 16, 44, 35, 95, 91, 18, 43, 40, 17, 23, 76, 15, 49, 42, 88, 86, 59, 73, 65, 3, 82, 5, 14, 32, 47, 30, 62, 50, 54, 21, 22, 87, 53, 51, 57, 83, 6, 56, 93, 60, 34, 26, 70]
Dlugosc cyklu:
15747
Algorytm GCY
Lista wierzcholkow: 
[13, 86, 65, 73, 59, 88, 42, 51, 83, 33, 24, 45, 8, 11, 70, 26, 60, 34, 93, 56, 6, 57, 53, 49, 54, 76, 23, 17, 95, 18, 91, 35, 44, 40, 16, 15, 1, 77, 12, 62, 30, 47, 41, 81, 14, 5, 3, 82, 32, 63]
Dlugosc cyklu:
13366
Algorytm ŻALU
Lista wierzcholkow: 
[13, 41, 47, 12, 77, 16, 40, 43, 91, 95, 17, 23, 76, 49, 54, 87, 53, 51, 83, 36, 64, 79, 74, 99, 61, 4, 66, 69, 52, 9, 72, 92, 27, 96, 75, 58, 31, 97, 11, 8, 26, 60, 93, 65, 86, 3, 5, 14, 32, 63]
Dlugosc cyklu:
15335
First vertex:  25
Algorytm NNG
Lista wierzcholkow: 
[25, 99, 55, 61, 68, 74, 29, 79, 19, 37, 85, 48, 67, 9, 20, 89, 0, 94, 97, 11, 70, 26, 60, 34, 93, 56, 33, 6, 83, 57, 51, 53, 42, 88, 86, 59, 73, 65, 3, 82, 5, 14, 32, 81, 63, 13, 41, 1, 12, 77]
Dlugosc cyklu:
12919
Algorytm GCY
Lista wierzcholkow: 
[25, 74, 79, 19, 37, 85, 48, 89, 0, 45, 24, 8, 33, 57, 53, 51, 83, 6, 56, 93, 34, 60, 26, 70, 11, 97, 31, 58, 75, 96, 90, 27, 92, 10, 72, 84, 2, 98, 7, 28, 94, 20, 9, 67, 29, 68, 4, 61, 55, 99]
Dlugosc cyklu:
11600
Algorytm ŻALU
Lista wierzcholkow: 
[25, 61, 4, 66, 39, 69, 52, 9, 72, 92, 27, 98, 58, 31, 97, 11, 8, 26, 34, 65, 59, 88, 3, 5, 14, 81, 50, 47, 62, 1, 77, 16, 40, 43, 18, 95, 23, 76, 49, 54, 22, 53, 51, 57, 36, 19, 64, 46, 80, 99]
Dlugosc cyklu:
17219
First vertex:  69
Algorytm NNG
Lista wierzcholkow: 
[69, 38, 39, 66, 4, 61, 25, 99, 55, 68, 74, 29, 79, 19, 37, 85, 48, 67, 9, 20, 89, 0, 94, 97, 11, 70, 26, 60, 34, 93, 56, 33, 6, 83, 57, 51, 53, 42, 88, 86, 59, 73, 65, 3, 82, 5, 14, 32, 81, 63]
Dlugosc cyklu:
13574
Algorytm GCY
Lista wierzcholkow: 
[69, 52, 39, 9, 67, 20, 94, 28, 7, 98, 2, 10, 27, 90, 96, 75, 58, 31, 97, 11, 70, 26, 60, 34, 93, 56, 6, 83, 57, 33, 8, 24, 45, 0, 89, 85, 48, 37, 19, 79, 29, 74, 68, 25, 99, 55, 61, 4, 66, 38]
Dlugosc cyklu:
10704
Algorytm ŻALU
Lista wierzcholkow: 
[69, 52, 9, 72, 92, 2, 90, 96, 75, 58, 31, 94, 89, 11, 70, 26, 34, 65, 86, 3, 5, 14, 81, 50, 30, 62, 12, 77, 16, 35, 17, 23, 76, 49, 54, 22, 53, 51, 57, 71, 19, 64, 46, 80, 99, 61, 4, 66, 39, 38]
Dlugosc cyklu:
15842
First vertex:  27
Algorytm NNG
Lista wierzcholkow: 
[27, 90, 96, 98, 7, 28, 31, 58, 75, 97, 11, 70, 26, 60, 34, 93, 56, 33, 6, 83, 57, 51, 53, 42, 88, 86, 59, 73, 65, 3, 82, 5, 14, 32, 81, 63, 13, 41, 1, 12, 77, 16, 44, 35, 95, 91, 18, 43, 40, 17]
Dlugosc cyklu:
14201
Algorytm GCY
Lista wierzcholkow: 
[27, 92, 10, 72, 84, 2, 7, 28, 98, 94, 0, 20, 89, 45, 24, 8, 33, 57, 53, 51, 42, 88, 86, 82, 13, 63, 41, 81, 32, 14, 5, 3, 65, 59, 73, 83, 6, 56, 93, 34, 60, 26, 70, 11, 97, 31, 58, 75, 96, 90]
Dlugosc cyklu:
12183
Algorytm ŻALU
Lista wierzcholkow: 
[27, 10, 84, 9, 52, 69, 39, 66, 4, 61, 99, 80, 46, 64, 19, 71, 57, 51, 53, 22, 54, 49, 76, 23, 95, 35, 16, 77, 12, 62, 30, 50, 81, 63, 14, 5, 3, 86, 65, 34, 26, 8, 70, 11, 97, 31, 58, 75, 96, 90]
Dlugosc cyklu:
15850
First vertex:  86
Algorytm NNG
Lista wierzcholkow: 
[86, 59, 73, 65, 3, 82, 5, 14, 32, 81, 63, 13, 41, 1, 12, 77, 16, 44, 35, 95, 91, 18, 43, 40, 17, 23, 76, 15, 49, 42, 88, 51, 53, 57, 83, 6, 56, 93, 60, 34, 26, 70, 11, 97, 94, 0, 89, 20, 85, 48]
Dlugosc cyklu:
13072
Algorytm GCY
Lista wierzcholkow: 
[86, 65, 73, 59, 93, 56, 34, 60, 26, 70, 11, 97, 31, 58, 75, 96, 90, 27, 92, 10, 2, 98, 7, 28, 94, 0, 89, 20, 9, 67, 85, 48, 68, 25, 29, 74, 79, 19, 37, 8, 45, 24, 33, 6, 83, 57, 53, 51, 42, 88]
Dlugosc cyklu:
10777
Algorytm ŻALU
Lista wierzcholkow: 
[86, 3, 5, 14, 32, 63, 81, 50, 30, 62, 12, 77, 16, 40, 43, 18, 95, 17, 23, 76, 49, 54, 87, 53, 36, 64, 78, 74, 99, 61, 4, 66, 38, 52, 72, 10, 90, 96, 75, 58, 31, 94, 89, 11, 70, 60, 93, 56, 6, 59]
Dlugosc cyklu:
14895
First vertex:  55
Algorytm NNG
Lista wierzcholkow: 
[55, 99, 25, 68, 61, 4, 66, 39, 38, 69, 52, 72, 84, 92, 10, 2, 27, 90, 96, 98, 7, 28, 31, 58, 75, 97, 11, 70, 26, 60, 34, 93, 56, 33, 6, 83, 57, 51, 53, 42, 88, 86, 59, 73, 65, 3, 82, 5, 14, 32]
Dlugosc cyklu:
13226
Algorytm GCY
Lista wierzcholkow: 
[55, 61, 4, 68, 29, 67, 9, 20, 94, 28, 7, 98, 2, 84, 72, 10, 92, 27, 90, 96, 75, 58, 31, 97, 11, 70, 26, 60, 34, 93, 56, 6, 83, 51, 53, 57, 33, 8, 24, 45, 0, 89, 48, 85, 37, 19, 79, 74, 25, 99]
Dlugosc cyklu:
11600
Algorytm ŻALU
Lista wierzcholkow: 
[55, 80, 46, 64, 79, 36, 6, 51, 53, 22, 54, 49, 76, 23, 17, 95, 18, 43, 40, 16, 77, 12, 62, 30, 50, 81, 14, 5, 3, 86, 65, 34, 26, 8, 20, 0, 11, 97, 31, 58, 98, 27, 92, 72, 52, 38, 66, 4, 61, 99]
Dlugosc cyklu:
16282
First vertex:  15
Algorytm NNG
Lista wierzcholkow: 
[15, 1, 12, 77, 16, 44, 35, 95, 91, 18, 43, 40, 17, 23, 76, 49, 42, 88, 86, 59, 73, 65, 3, 82, 5, 14, 32, 81, 63, 13, 41, 62, 30, 47, 50, 54, 21, 22, 87, 53, 51, 57, 83, 6, 56, 93, 60, 34, 26, 70]
Dlugosc cyklu:
15464
Algorytm GCY
Lista wierzcholkow: 
[15, 49, 88, 42, 51, 83, 33, 24, 45, 8, 89, 11, 70, 26, 60, 34, 93, 56, 6, 57, 53, 87, 22, 21, 54, 76, 23, 17, 95, 18, 91, 44, 35, 40, 16, 77, 12, 62, 30, 47, 1, 41, 81, 14, 5, 3, 82, 32, 63, 13]
Dlugosc cyklu:
12727
Algorytm ŻALU
Lista wierzcholkow: 
[15, 76, 49, 54, 21, 53, 51, 6, 56, 33, 71, 19, 64, 46, 80, 99, 61, 4, 66, 39, 69, 52, 9, 72, 92, 2, 90, 96, 75, 58, 31, 94, 89, 11, 70, 26, 34, 65, 86, 3, 5, 14, 32, 63, 81, 50, 30, 62, 12, 1]
Dlugosc cyklu:
16058
First vertex:  0
Algorytm NNG
Lista wierzcholkow: 
[0, 94, 97, 11, 70, 26, 60, 34, 93, 56, 33, 6, 83, 57, 51, 53, 42, 88, 86, 59, 73, 65, 3, 82, 5, 14, 32, 81, 63, 13, 41, 1, 12, 77, 16, 44, 35, 95, 91, 18, 43, 40, 17, 23, 76, 15, 49, 54, 21, 22]
Dlugosc cyklu:
13452
Algorytm GCY
Lista wierzcholkow: 
[0, 89, 20, 94, 28, 7, 98, 2, 84, 72, 10, 92, 27, 90, 96, 75, 58, 31, 97, 11, 70, 26, 60, 34, 93, 56, 6, 83, 73, 59, 65, 3, 5, 14, 32, 81, 41, 63, 13, 82, 86, 88, 42, 51, 53, 57, 33, 8, 24, 45]
Dlugosc cyklu:
12238
Algorytm ŻALU
Lista wierzcholkow: 
[0, 11, 70, 60, 93, 73, 65, 3, 5, 14, 32, 63, 81, 50, 30, 62, 12, 77, 16, 43, 17, 76, 49, 54, 22, 53, 51, 83, 33, 71, 19, 64, 46, 80, 99, 61, 4, 66, 39, 69, 52, 9, 72, 92, 27, 96, 75, 58, 31, 94]
Dlugosc cyklu:
16744
First vertex:  32
Algorytm NNG
Lista wierzcholkow: 
[32, 14, 5, 3, 82, 63, 13, 41, 1, 12, 77, 16, 44, 35, 95, 91, 18, 43, 40, 17, 23, 76, 15, 49, 42, 88, 86, 59, 73, 65, 93, 56, 33, 6, 83, 57, 51, 53, 71, 36, 64, 78, 80, 46, 55, 99, 25, 68, 61, 4]
Dlugosc cyklu:
15216
Algorytm GCY
Lista wierzcholkow: 
[32, 81, 47, 30, 62, 12, 77, 16, 40, 35, 44, 91, 18, 95, 17, 23, 76, 54, 21, 22, 87, 53, 57, 6, 56, 93, 34, 60, 26, 70, 11, 89, 8, 45, 24, 33, 83, 51, 42, 88, 49, 15, 1, 41, 63, 13, 82, 3, 5, 14]
Dlugosc cyklu:
12181
Algorytm ŻALU
Lista wierzcholkow: 
[32, 63, 81, 50, 47, 62, 12, 77, 16, 91, 17, 23, 76, 49, 54, 87, 53, 51, 6, 56, 33, 71, 19, 64, 46, 80, 99, 61, 4, 66, 39, 69, 52, 72, 10, 90, 96, 75, 58, 31, 94, 11, 70, 26, 34, 65, 86, 3, 5, 14]
Dlugosc cyklu:
15807
First vertex:  9
Algorytm NNG
Lista wierzcholkow: 
[9, 67, 85, 48, 29, 74, 79, 19, 37, 45, 24, 8, 26, 60, 34, 93, 56, 33, 6, 83, 57, 51, 53, 42, 88, 86, 59, 73, 65, 3, 82, 5, 14, 32, 81, 63, 13, 41, 1, 12, 77, 16, 44, 35, 95, 91, 18, 43, 40, 17]
Dlugosc cyklu:
13379
Algorytm GCY
Lista wierzcholkow: 
[9, 20, 94, 28, 7, 98, 2, 10, 92, 27, 90, 96, 75, 58, 31, 97, 11, 70, 34, 60, 93, 56, 6, 83, 51, 57, 33, 26, 0, 89, 45, 8, 24, 37, 19, 79, 74, 29, 64, 46, 78, 80, 55, 99, 25, 61, 68, 85, 48, 67]
Dlugosc cyklu:
11252
Algorytm ŻALU
Lista wierzcholkow: 
[9, 84, 92, 2, 90, 96, 75, 58, 31, 97, 11, 8, 26, 34, 65, 86, 3, 5, 14, 81, 50, 47, 1, 77, 16, 40, 43, 18, 95, 17, 23, 76, 49, 54, 21, 53, 51, 6, 71, 19, 64, 46, 80, 99, 61, 4, 66, 69, 52, 67]
Dlugosc cyklu:
16582
First vertex:  47
Algorytm NNG
Lista wierzcholkow: 
[47, 30, 62, 12, 77, 16, 44, 35, 95, 91, 18, 43, 40, 17, 23, 76, 15, 1, 41, 13, 63, 81, 32, 14, 5, 3, 82, 86, 59, 73, 65, 93, 56, 33, 6, 83, 57, 51, 53, 42, 88, 49, 54, 21, 22, 87, 36, 71, 64, 78]
Dlugosc cyklu:
14912
Algorytm GCY
Lista wierzcholkow: 
[47, 81, 14, 5, 3, 82, 32, 63, 13, 41, 1, 15, 49, 88, 42, 51, 83, 33, 24, 45, 8, 89, 11, 70, 26, 60, 34, 93, 56, 6, 57, 53, 87, 22, 21, 54, 76, 23, 17, 95, 18, 91, 44, 35, 40, 16, 77, 12, 62, 30]
Dlugosc cyklu:
12391
Algorytm ŻALU
Lista wierzcholkow: 
[47, 81, 63, 32, 14, 5, 3, 86, 65, 34, 26, 70, 11, 89, 94, 31, 58, 75, 96, 90, 2, 92, 72, 9, 52, 69, 66, 4, 61, 99, 80, 46, 64, 19, 71, 33, 56, 6, 51, 53, 22, 54, 49, 15, 17, 43, 77, 12, 62, 30]
Dlugosc cyklu:
16897
First vertex:  87
Algorytm NNG
Lista wierzcholkow: 
[87, 21, 22, 54, 49, 42, 88, 86, 59, 73, 65, 3, 82, 5, 14, 32, 81, 63, 13, 41, 1, 12, 77, 16, 44, 35, 95, 91, 18, 43, 40, 17, 23, 76, 15, 62, 30, 47, 50, 51, 53, 57, 83, 6, 56, 93, 60, 34, 26, 70]
Dlugosc cyklu:
15229
Algorytm GCY
Lista wierzcholkow: 
[87, 22, 21, 54, 23, 17, 76, 15, 1, 77, 44, 35, 95, 18, 91, 43, 40, 16, 12, 62, 30, 47, 41, 81, 14, 5, 3, 82, 32, 63, 13, 49, 88, 42, 51, 83, 33, 24, 45, 8, 11, 70, 26, 60, 34, 93, 56, 6, 57, 53]
Dlugosc cyklu:
13091
Algorytm ŻALU
Lista wierzcholkow: 
[87, 36, 37, 64, 46, 80, 99, 61, 4, 66, 69, 52, 9, 72, 92, 2, 90, 96, 75, 58, 31, 94, 89, 11, 70, 34, 93, 33, 83, 51, 42, 88, 86, 65, 3, 5, 14, 81, 50, 30, 62, 12, 77, 16, 40, 18, 17, 23, 54, 21]
Dlugosc cyklu:
16387
First vertex:  31
Algorytm NNG
Lista wierzcholkow: 
[31, 58, 75, 98, 7, 28, 96, 90, 27, 2, 10, 92, 84, 72, 52, 69, 38, 39, 66, 4, 61, 25, 99, 55, 68, 74, 29, 79, 19, 37, 85, 48, 67, 9, 20, 89, 0, 94, 97, 11, 70, 26, 60, 34, 93, 56, 33, 6, 83, 57]
Dlugosc cyklu:
10250
Algorytm GCY
Lista wierzcholkow: 
[31, 97, 11, 70, 26, 60, 34, 93, 56, 6, 83, 73, 59, 65, 3, 5, 14, 32, 81, 41, 63, 13, 82, 86, 88, 42, 51, 53, 57, 33, 8, 24, 45, 89, 20, 0, 94, 28, 7, 98, 2, 84, 72, 10, 92, 27, 90, 96, 75, 58]
Dlugosc cyklu:
12007
Algorytm ŻALU
Lista wierzcholkow: 
[31, 97, 11, 8, 26, 34, 65, 86, 3, 5, 32, 63, 81, 50, 30, 62, 12, 77, 16, 40, 43, 18, 95, 23, 76, 49, 54, 22, 53, 51, 6, 71, 19, 64, 46, 80, 99, 61, 4, 66, 69, 52, 9, 72, 92, 2, 90, 96, 75, 58]
Dlugosc cyklu:
16479
First vertex:  7
Algorytm NNG
Lista wierzcholkow: 
[7, 98, 96, 75, 58, 31, 28, 97, 11, 70, 26, 60, 34, 93, 56, 33, 6, 83, 57, 51, 53, 42, 88, 86, 59, 73, 65, 3, 82, 5, 14, 32, 81, 63, 13, 41, 1, 12, 77, 16, 44, 35, 95, 91, 18, 43, 40, 17, 23, 76]
Dlugosc cyklu:
13656
Algorytm GCY
Lista wierzcholkow: 
[7, 28, 94, 0, 20, 89, 45, 24, 8, 33, 57, 53, 51, 42, 88, 86, 82, 13, 63, 41, 81, 32, 14, 5, 3, 65, 59, 73, 83, 6, 56, 93, 34, 60, 26, 70, 11, 97, 31, 58, 75, 96, 90, 27, 92, 10, 72, 84, 2, 98]
Dlugosc cyklu:
12007
Algorytm ŻALU
Lista wierzcholkow: 
[7, 27, 92, 72, 52, 38, 66, 4, 61, 99, 80, 46, 64, 19, 71, 57, 51, 53, 22, 54, 49, 76, 23, 95, 35, 16, 77, 12, 62, 30, 50, 81, 63, 32, 14, 5, 3, 86, 65, 34, 26, 8, 20, 0, 11, 97, 31, 58, 75, 98]
Dlugosc cyklu:
15636
First vertex:  53
Algorytm NNG
Lista wierzcholkow: 
[53, 51, 57, 83, 6, 56, 93, 60, 34, 26, 70, 11, 97, 94, 0, 89, 20, 85, 48, 29, 74, 79, 19, 37, 45, 24, 8, 33, 71, 36, 64, 78, 80, 46, 55, 99, 25, 68, 61, 4, 66, 39, 38, 69, 52, 72, 84, 92, 10, 2]
Dlugosc cyklu:
11972
Algorytm GCY
Lista wierzcholkow: 
[53, 57, 6, 56, 93, 34, 60, 26, 70, 11, 97, 31, 58, 75, 96, 90, 27, 92, 10, 2, 98, 7, 28, 94, 0, 89, 20, 9, 67, 85, 48, 68, 61, 25, 99, 55, 80, 78, 64, 29, 74, 79, 19, 37, 8, 45, 24, 33, 83, 51]
Dlugosc cyklu:
10367
Algorytm ŻALU
Lista wierzcholkow: 
[53, 22, 46, 80, 64, 71, 79, 48, 68, 99, 61, 4, 66, 38, 52, 72, 92, 27, 96, 75, 58, 31, 97, 11, 70, 26, 33, 93, 73, 86, 3, 5, 32, 63, 81, 50, 47, 62, 12, 77, 16, 40, 43, 18, 95, 17, 76, 49, 42, 51]
Dlugosc cyklu:
15647
First vertex:  74
Algorytm NNG
Lista wierzcholkow: 
[74, 29, 79, 19, 37, 85, 48, 67, 9, 20, 89, 0, 94, 97, 11, 70, 26, 60, 34, 93, 56, 33, 6, 83, 57, 51, 53, 42, 88, 86, 59, 73, 65, 3, 82, 5, 14, 32, 81, 63, 13, 41, 1, 12, 77, 16, 44, 35, 95, 91]
Dlugosc cyklu:
12569
Algorytm GCY
Lista wierzcholkow: 
[74, 79, 19, 37, 85, 48, 89, 0, 45, 24, 8, 33, 57, 51, 83, 6, 56, 93, 34, 60, 26, 70, 11, 97, 31, 58, 75, 96, 90, 27, 92, 10, 2, 98, 7, 28, 94, 20, 9, 67, 68, 61, 25, 99, 55, 80, 78, 46, 64, 29]
Dlugosc cyklu:
10937
Algorytm ŻALU
Lista wierzcholkow: 
[74, 99, 61, 4, 66, 69, 52, 9, 72, 92, 2, 90, 96, 75, 58, 31, 97, 11, 8, 26, 34, 65, 59, 88, 13, 82, 3, 5, 14, 50, 47, 62, 12, 77, 16, 40, 43, 18, 95, 23, 76, 49, 54, 22, 53, 51, 57, 36, 64, 29]
Dlugosc cyklu:
16478
First vertex:  96
Algorytm NNG
Lista wierzcholkow: 
[96, 98, 7, 28, 31, 58, 75, 90, 27, 2, 10, 92, 84, 72, 52, 69, 38, 39, 66, 4, 61, 25, 99, 55, 68, 74, 29, 79, 19, 37, 85, 48, 67, 9, 20, 89, 0, 94, 97, 11, 70, 26, 60, 34, 93, 56, 33, 6, 83, 57]
Dlugosc cyklu:
10714
Algorytm GCY
Lista wierzcholkow: 
[96, 75, 58, 31, 97, 11, 70, 26, 60, 34, 93, 56, 6, 83, 73, 59, 65, 3, 5, 14, 32, 81, 41, 63, 13, 82, 86, 88, 42, 51, 53, 57, 33, 8, 24, 45, 89, 20, 0, 94, 28, 7, 98, 2, 84, 72, 10, 92, 27, 90]
Dlugosc cyklu:
12007
Algorytm ŻALU
Lista wierzcholkow: 
[96, 90, 2, 92, 72, 52, 69, 39, 66, 4, 61, 99, 80, 46, 64, 74, 48, 37, 71, 53, 22, 54, 49, 76, 23, 95, 35, 16, 77, 12, 62, 30, 50, 81, 63, 32, 14, 5, 3, 86, 73, 56, 34, 70, 11, 89, 94, 31, 58, 98]
Dlugosc cyklu:
15645
First vertex:  23
Algorytm NNG
Lista wierzcholkow: 
[23, 17, 76, 15, 1, 12, 77, 16, 44, 35, 95, 91, 18, 43, 40, 62, 30, 47, 81, 63, 13, 41, 32, 14, 5, 3, 82, 86, 59, 73, 65, 93, 56, 33, 6, 83, 57, 51, 53, 42, 88, 49, 54, 21, 22, 87, 36, 71, 64, 78]
Dlugosc cyklu:
14546
Algorytm GCY
Lista wierzcholkow: 
[23, 76, 54, 21, 22, 87, 53, 57, 6, 56, 93, 34, 60, 26, 70, 11, 89, 8, 45, 24, 33, 83, 51, 42, 88, 49, 15, 13, 63, 32, 82, 3, 5, 14, 81, 41, 1, 47, 30, 62, 12, 77, 16, 40, 35, 44, 91, 18, 95, 17]
Dlugosc cyklu:
12727
Algorytm ŻALU
Lista wierzcholkow: 
[23, 76, 49, 54, 87, 53, 51, 6, 56, 33, 71, 19, 64, 46, 80, 99, 61, 4, 66, 39, 69, 52, 72, 10, 90, 96, 75, 58, 31, 94, 89, 11, 70, 26, 34, 65, 86, 3, 5, 14, 81, 50, 30, 62, 12, 77, 16, 40, 18, 17]
Dlugosc cyklu:
16024
First vertex:  95
Algorytm NNG
Lista wierzcholkow: 
[95, 91, 18, 35, 44, 16, 40, 77, 12, 1, 41, 13, 63, 81, 32, 14, 5, 3, 82, 86, 59, 73, 65, 93, 56, 33, 6, 83, 57, 51, 53, 42, 88, 49, 54, 21, 22, 87, 36, 71, 64, 78, 80, 46, 55, 99, 25, 68, 61, 4]
Dlugosc cyklu:
15186
Algorytm GCY
Lista wierzcholkow: 
[95, 18, 91, 35, 40, 16, 44, 17, 77, 12, 62, 30, 47, 1, 41, 81, 14, 5, 3, 82, 32, 63, 13, 15, 49, 88, 42, 51, 83, 33, 24, 45, 8, 89, 11, 70, 26, 60, 34, 93, 56, 6, 57, 53, 87, 22, 21, 54, 76, 23]
Dlugosc cyklu:
13105
Algorytm ŻALU
Lista wierzcholkow: 
[95, 23, 76, 49, 54, 22, 53, 71, 37, 48, 74, 64, 46, 80, 99, 61, 4, 66, 39, 69, 52, 72, 92, 2, 90, 96, 75, 58, 31, 94, 89, 11, 70, 34, 56, 73, 86, 3, 5, 14, 81, 50, 47, 62, 12, 77, 16, 40, 43, 91]
Dlugosc cyklu:
16069
First vertex:  52
Algorytm NNG
Lista wierzcholkow: 
[52, 69, 38, 39, 66, 4, 61, 25, 99, 55, 68, 74, 29, 79, 19, 37, 85, 48, 67, 9, 20, 89, 0, 94, 97, 11, 70, 26, 60, 34, 93, 56, 33, 6, 83, 57, 51, 53, 42, 88, 86, 59, 73, 65, 3, 82, 5, 14, 32, 81]
Dlugosc cyklu:
13705
Algorytm GCY
Lista wierzcholkow: 
[52, 39, 9, 67, 20, 94, 28, 7, 98, 2, 10, 27, 90, 96, 75, 58, 31, 97, 11, 70, 26, 60, 34, 93, 56, 6, 83, 57, 33, 8, 24, 45, 0, 89, 85, 48, 37, 19, 79, 29, 74, 68, 25, 99, 55, 61, 4, 66, 38, 69]
Dlugosc cyklu:
10704
Algorytm ŻALU
Lista wierzcholkow: 
[52, 9, 72, 92, 27, 98, 58, 31, 97, 11, 8, 26, 34, 65, 86, 3, 5, 14, 32, 63, 81, 50, 30, 62, 12, 77, 16, 40, 43, 18, 95, 23, 76, 49, 54, 22, 53, 51, 6, 71, 19, 64, 46, 80, 99, 61, 4, 66, 39, 69]
Dlugosc cyklu:
16674
First vertex:  64
Algorytm NNG
Lista wierzcholkow: 
[64, 78, 80, 46, 36, 71, 19, 79, 37, 85, 48, 29, 74, 68, 25, 99, 55, 61, 4, 66, 39, 38, 69, 52, 72, 84, 92, 10, 2, 27, 90, 96, 98, 7, 28, 31, 58, 75, 97, 11, 70, 26, 60, 34, 93, 56, 33, 6, 83, 57]
Dlugosc cyklu:
10547
Algorytm GCY
Lista wierzcholkow: 
[64, 74, 29, 55, 99, 25, 61, 68, 67, 9, 20, 94, 28, 7, 98, 2, 10, 27, 90, 96, 75, 58, 31, 97, 11, 70, 26, 60, 34, 93, 56, 6, 83, 57, 33, 8, 24, 45, 0, 89, 48, 85, 79, 19, 37, 71, 36, 46, 80, 78]
Dlugosc cyklu:
11316
Algorytm ŻALU
Lista wierzcholkow: 
[64, 71, 57, 51, 53, 22, 54, 49, 76, 23, 17, 95, 18, 43, 40, 16, 77, 12, 47, 41, 13, 32, 14, 5, 82, 86, 73, 56, 93, 60, 70, 11, 97, 31, 58, 75, 96, 90, 10, 72, 9, 52, 69, 39, 66, 4, 61, 99, 74, 78]
Dlugosc cyklu:
15127
First vertex:  78
Algorytm NNG
Lista wierzcholkow: 
[78, 80, 46, 64, 36, 71, 19, 79, 37, 85, 48, 29, 74, 68, 25, 99, 55, 61, 4, 66, 39, 38, 69, 52, 72, 84, 92, 10, 2, 27, 90, 96, 98, 7, 28, 31, 58, 75, 97, 11, 70, 26, 60, 34, 93, 56, 33, 6, 83, 57]
Dlugosc cyklu:
10638
Algorytm GCY
Lista wierzcholkow: 
[78, 64, 74, 29, 55, 99, 25, 61, 68, 67, 9, 20, 94, 28, 7, 98, 2, 10, 27, 90, 96, 75, 58, 31, 97, 11, 70, 26, 60, 34, 93, 56, 6, 83, 57, 33, 8, 24, 45, 0, 89, 48, 85, 79, 19, 37, 71, 36, 46, 80]
Dlugosc cyklu:
11316
Algorytm ŻALU
Lista wierzcholkow: 
[78, 74, 48, 37, 71, 53, 87, 54, 49, 76, 17, 95, 18, 43, 40, 16, 77, 12, 62, 47, 50, 81, 63, 14, 5, 3, 65, 73, 56, 33, 26, 70, 11, 97, 31, 28, 75, 96, 27, 2, 92, 72, 52, 69, 39, 66, 4, 61, 99, 80]
Dlugosc cyklu:
15461
First vertex:  72
Algorytm NNG
Lista wierzcholkow: 
[72, 84, 92, 10, 2, 27, 90, 96, 98, 7, 28, 31, 58, 75, 97, 11, 70, 26, 60, 34, 93, 56, 33, 6, 83, 57, 51, 53, 42, 88, 86, 59, 73, 65, 3, 82, 5, 14, 32, 81, 63, 13, 41, 1, 12, 77, 16, 44, 35, 95]
Dlugosc cyklu:
13776
Algorytm GCY
Lista wierzcholkow: 
[72, 92, 10, 27, 90, 96, 75, 58, 31, 97, 11, 70, 26, 60, 34, 93, 56, 6, 83, 73, 59, 65, 3, 5, 14, 32, 81, 41, 63, 13, 82, 86, 88, 42, 51, 53, 57, 33, 8, 24, 45, 89, 20, 0, 94, 98, 7, 28, 2, 84]
Dlugosc cyklu:
12046
Algorytm ŻALU
Lista wierzcholkow: 
[72, 9, 52, 69, 39, 66, 4, 61, 99, 80, 46, 64, 19, 71, 57, 51, 53, 22, 54, 49, 76, 23, 95, 35, 16, 77, 12, 62, 30, 50, 81, 14, 5, 3, 86, 65, 34, 26, 70, 11, 89, 94, 31, 58, 75, 96, 90, 2, 92, 84]
Dlugosc cyklu:
15981
First vertex:  80
Algorytm NNG
Lista wierzcholkow: 
[80, 78, 64, 46, 36, 71, 19, 79, 37, 85, 48, 29, 74, 68, 25, 99, 55, 61, 4, 66, 39, 38, 69, 52, 72, 84, 92, 10, 2, 27, 90, 96, 98, 7, 28, 31, 58, 75, 97, 11, 70, 26, 60, 34, 93, 56, 33, 6, 83, 57]
Dlugosc cyklu:
10877
Algorytm GCY
Lista wierzcholkow: 
[80, 46, 36, 71, 37, 19, 79, 85, 48, 89, 0, 45, 24, 8, 33, 57, 83, 6, 56, 93, 34, 60, 26, 70, 11, 97, 31, 58, 75, 96, 90, 27, 10, 2, 98, 7, 28, 94, 20, 9, 67, 68, 61, 25, 99, 55, 29, 74, 64, 78]
Dlugosc cyklu:
11316
Algorytm ŻALU
Lista wierzcholkow: 
[80, 99, 61, 4, 66, 39, 69, 52, 72, 92, 27, 96, 75, 28, 31, 97, 11, 70, 26, 33, 56, 73, 65, 3, 5, 14, 32, 63, 81, 50, 47, 62, 12, 77, 16, 40, 43, 18, 95, 17, 76, 49, 54, 87, 53, 71, 37, 48, 74, 78]
Dlugosc cyklu:
15265
First vertex:  65
Algorytm NNG
Lista wierzcholkow: 
[65, 73, 59, 86, 88, 42, 51, 53, 57, 83, 6, 56, 93, 60, 34, 26, 70, 11, 97, 94, 0, 89, 20, 85, 48, 29, 74, 79, 19, 37, 45, 24, 8, 33, 71, 36, 64, 78, 80, 46, 55, 99, 25, 68, 61, 4, 66, 39, 38, 69]
Dlugosc cyklu:
13081
Algorytm GCY
Lista wierzcholkow: 
[65, 86, 88, 42, 51, 53, 57, 83, 6, 33, 24, 45, 8, 37, 19, 79, 74, 29, 25, 68, 48, 85, 67, 9, 20, 89, 0, 94, 28, 7, 98, 2, 10, 92, 27, 90, 96, 75, 58, 31, 97, 11, 70, 26, 60, 34, 56, 93, 59, 73]
Dlugosc cyklu:
10777
Algorytm ŻALU
Lista wierzcholkow: 
[65, 3, 5, 14, 32, 63, 81, 50, 47, 62, 12, 77, 16, 40, 43, 18, 23, 76, 49, 54, 87, 53, 71, 37, 48, 74, 64, 46, 80, 99, 61, 4, 66, 38, 52, 72, 92, 2, 90, 96, 75, 58, 31, 97, 11, 70, 26, 33, 56, 73]
Dlugosc cyklu:
15533
First vertex:  82
Algorytm NNG
Lista wierzcholkow: 
[82, 3, 5, 14, 32, 81, 63, 13, 41, 1, 12, 77, 16, 44, 35, 95, 91, 18, 43, 40, 17, 23, 76, 15, 49, 42, 88, 86, 59, 73, 65, 93, 56, 33, 6, 83, 57, 51, 53, 71, 36, 64, 78, 80, 46, 55, 99, 25, 68, 61]
Dlugosc cyklu:
14425
Algorytm GCY
Lista wierzcholkow: 
[82, 13, 63, 41, 1, 15, 49, 88, 42, 51, 83, 33, 24, 45, 8, 89, 11, 70, 26, 60, 34, 93, 56, 6, 57, 53, 87, 22, 21, 54, 76, 23, 17, 95, 18, 91, 44, 35, 40, 16, 77, 12, 62, 30, 47, 81, 32, 14, 5, 3]
Dlugosc cyklu:
12181
Algorytm ŻALU
Lista wierzcholkow: 
[82, 13, 32, 14, 50, 47, 62, 12, 77, 16, 40, 43, 18, 95, 23, 76, 49, 54, 22, 53, 51, 6, 71, 19, 64, 46, 80, 99, 61, 4, 66, 38, 52, 72, 92, 27, 96, 75, 58, 31, 97, 11, 0, 20, 8, 26, 34, 65, 86, 3]
Dlugosc cyklu:
16511
First vertex:  46
Algorytm NNG
Lista wierzcholkow: 
[46, 78, 80, 64, 36, 71, 19, 79, 37, 85, 48, 29, 74, 68, 25, 99, 55, 61, 4, 66, 39, 38, 69, 52, 72, 84, 92, 10, 2, 27, 90, 96, 98, 7, 28, 31, 58, 75, 97, 11, 70, 26, 60, 34, 93, 56, 33, 6, 83, 57]
Dlugosc cyklu:
10654
Algorytm GCY
Lista wierzcholkow: 
[46, 36, 71, 37, 19, 79, 85, 48, 89, 0, 45, 24, 8, 33, 57, 83, 6, 56, 93, 34, 60, 26, 70, 11, 97, 31, 58, 75, 96, 90, 27, 10, 2, 98, 7, 28, 94, 20, 9, 67, 68, 61, 25, 99, 55, 29, 74, 64, 78, 80]
Dlugosc cyklu:
11316
Algorytm ŻALU
Lista wierzcholkow: 
[46, 21, 53, 51, 88, 49, 76, 23, 95, 35, 16, 77, 12, 62, 47, 50, 81, 41, 63, 32, 14, 5, 3, 65, 73, 93, 33, 24, 70, 11, 97, 31, 58, 75, 96, 90, 2, 92, 72, 52, 38, 66, 4, 61, 99, 68, 67, 48, 79, 78]
Dlugosc cyklu:
15686
First vertex:  94
Algorytm NNG
Lista wierzcholkow: 
[94, 0, 89, 20, 85, 48, 29, 74, 79, 19, 37, 45, 24, 8, 26, 60, 34, 93, 56, 33, 6, 83, 57, 51, 53, 42, 88, 86, 59, 73, 65, 3, 82, 5, 14, 32, 81, 63, 13, 41, 1, 12, 77, 16, 44, 35, 95, 91, 18, 43]
Dlugosc cyklu:
13440
Algorytm GCY
Lista wierzcholkow: 
[94, 20, 89, 0, 45, 24, 8, 33, 57, 53, 51, 42, 88, 86, 82, 13, 63, 41, 81, 32, 14, 5, 3, 65, 59, 73, 83, 6, 56, 93, 34, 60, 26, 70, 11, 97, 31, 58, 75, 96, 90, 27, 92, 10, 72, 84, 2, 98, 7, 28]
Dlugosc cyklu:
12238
Algorytm ŻALU
Lista wierzcholkow: 
[94, 31, 58, 75, 96, 27, 92, 72, 9, 52, 69, 39, 66, 4, 61, 99, 80, 46, 64, 19, 71, 33, 83, 51, 53, 22, 54, 49, 76, 17, 43, 16, 77, 12, 62, 30, 50, 81, 63, 32, 14, 5, 3, 65, 73, 93, 60, 70, 11, 0]
Dlugosc cyklu:
16744
First vertex:  26
Algorytm NNG
Lista wierzcholkow: 
[26, 60, 34, 93, 56, 33, 6, 83, 57, 51, 53, 42, 88, 86, 59, 73, 65, 3, 82, 5, 14, 32, 81, 63, 13, 41, 1, 12, 77, 16, 44, 35, 95, 91, 18, 43, 40, 17, 23, 76, 15, 49, 54, 21, 22, 87, 36, 71, 64, 78]
Dlugosc cyklu:
13467
Algorytm GCY
Lista wierzcholkow: 
[26, 70, 11, 97, 31, 58, 75, 96, 90, 27, 92, 10, 2, 98, 7, 28, 94, 0, 89, 20, 9, 67, 85, 48, 68, 61, 25, 99, 55, 80, 78, 64, 29, 74, 79, 19, 37, 8, 45, 24, 33, 57, 53, 51, 83, 6, 56, 93, 34, 60]
Dlugosc cyklu:
10346
Algorytm ŻALU
Lista wierzcholkow: 
[26, 45, 19, 85, 20, 89, 0, 97, 31, 58, 75, 96, 27, 92, 72, 52, 69, 39, 66, 4, 61, 99, 80, 46, 64, 71, 57, 51, 53, 21, 54, 49, 76, 23, 95, 35, 16, 77, 12, 62, 30, 50, 81, 14, 5, 3, 86, 65, 56, 60]
Dlugosc cyklu:
15788
First vertex:  77
Algorytm NNG
Lista wierzcholkow: 
[77, 12, 1, 41, 13, 63, 81, 32, 14, 5, 3, 82, 86, 59, 73, 65, 93, 56, 33, 6, 83, 57, 51, 53, 42, 88, 49, 54, 21, 22, 87, 36, 71, 64, 78, 80, 46, 55, 99, 25, 68, 61, 4, 66, 39, 38, 69, 52, 72, 84]
Dlugosc cyklu:
15745
Algorytm GCY
Lista wierzcholkow: 
[77, 16, 40, 35, 44, 91, 18, 95, 17, 23, 76, 54, 21, 22, 87, 53, 57, 6, 56, 93, 34, 60, 26, 70, 11, 89, 8, 45, 24, 33, 83, 51, 42, 88, 49, 15, 13, 63, 32, 82, 3, 5, 14, 81, 41, 1, 47, 30, 62, 12]
Dlugosc cyklu:
12727
Algorytm ŻALU
Lista wierzcholkow: 
[77, 16, 40, 43, 91, 95, 17, 23, 76, 49, 54, 22, 53, 71, 37, 48, 74, 64, 46, 80, 99, 61, 4, 66, 69, 52, 72, 92, 2, 90, 96, 75, 58, 31, 94, 89, 11, 70, 34, 56, 73, 86, 3, 5, 14, 81, 50, 47, 62, 12]
Dlugosc cyklu:
15916
First vertex:  3
Algorytm NNG
Lista wierzcholkow: 
[3, 82, 5, 14, 32, 81, 63, 13, 41, 1, 12, 77, 16, 44, 35, 95, 91, 18, 43, 40, 17, 23, 76, 15, 49, 42, 88, 86, 59, 73, 65, 93, 56, 33, 6, 83, 57, 51, 53, 71, 36, 64, 78, 80, 46, 55, 99, 25, 68, 61]
Dlugosc cyklu:
14522
Algorytm GCY
Lista wierzcholkow: 
[3, 5, 14, 32, 81, 47, 30, 62, 12, 77, 16, 40, 35, 44, 91, 18, 95, 17, 23, 76, 54, 21, 22, 87, 53, 57, 6, 56, 93, 34, 60, 26, 70, 11, 89, 8, 45, 24, 33, 83, 51, 42, 88, 49, 15, 1, 41, 63, 13, 82]
Dlugosc cyklu:
12181
Algorytm ŻALU
Lista wierzcholkow: 
[3, 86, 65, 34, 26, 8, 20, 0, 11, 97, 31, 58, 75, 96, 27, 92, 72, 52, 38, 66, 4, 61, 99, 80, 46, 64, 19, 71, 6, 51, 53, 22, 54, 49, 76, 23, 95, 18, 43, 40, 16, 77, 12, 62, 47, 50, 14, 32, 13, 82]
Dlugosc cyklu:
16511
First vertex:  59
Algorytm NNG
Lista wierzcholkow: 
[59, 73, 86, 88, 42, 51, 53, 57, 83, 6, 56, 93, 60, 34, 26, 70, 11, 97, 94, 0, 89, 20, 85, 48, 29, 74, 79, 19, 37, 45, 24, 8, 33, 71, 36, 64, 78, 80, 46, 55, 99, 25, 68, 61, 4, 66, 39, 38, 69, 52]
Dlugosc cyklu:
12646
Algorytm GCY
Lista wierzcholkow: 
[59, 93, 56, 34, 60, 26, 70, 11, 97, 31, 58, 75, 96, 90, 27, 92, 10, 2, 98, 7, 28, 94, 0, 89, 20, 9, 67, 85, 48, 68, 25, 29, 74, 79, 19, 37, 8, 45, 24, 33, 6, 83, 57, 53, 51, 42, 88, 86, 65, 73]
Dlugosc cyklu:
10777
Algorytm ŻALU
Lista wierzcholkow: 
[59, 88, 3, 5, 14, 63, 81, 50, 30, 62, 12, 77, 16, 35, 17, 23, 76, 49, 54, 22, 53, 71, 37, 48, 74, 64, 46, 80, 99, 61, 4, 66, 39, 69, 52, 72, 92, 2, 27, 96, 75, 58, 31, 94, 89, 11, 70, 34, 56, 73]
Dlugosc cyklu:
15888
First vertex:  75
Algorytm NNG
Lista wierzcholkow: 
[75, 98, 7, 28, 31, 58, 96, 90, 27, 2, 10, 92, 84, 72, 52, 69, 38, 39, 66, 4, 61, 25, 99, 55, 68, 74, 29, 79, 19, 37, 85, 48, 67, 9, 20, 89, 0, 94, 97, 11, 70, 26, 60, 34, 93, 56, 33, 6, 83, 57]
Dlugosc cyklu:
10592
Algorytm GCY
Lista wierzcholkow: 
[75, 58, 31, 97, 11, 70, 26, 60, 34, 93, 56, 6, 83, 73, 59, 65, 3, 5, 14, 32, 81, 41, 63, 13, 82, 86, 88, 42, 51, 53, 57, 33, 8, 24, 45, 89, 20, 0, 94, 28, 7, 98, 2, 84, 72, 10, 92, 27, 90, 96]
Dlugosc cyklu:
12007
Algorytm ŻALU
Lista wierzcholkow: 
[75, 58, 31, 94, 89, 11, 70, 26, 34, 65, 86, 3, 5, 14, 63, 81, 50, 30, 62, 12, 77, 16, 35, 17, 23, 76, 49, 54, 22, 53, 51, 57, 71, 19, 48, 74, 64, 46, 80, 99, 61, 4, 66, 38, 52, 72, 92, 2, 27, 98]
Dlugosc cyklu:
15883
First vertex:  63
Algorytm NNG
Lista wierzcholkow: 
[63, 13, 41, 1, 12, 77, 16, 44, 35, 95, 91, 18, 43, 40, 17, 23, 76, 15, 49, 42, 88, 86, 59, 73, 65, 3, 82, 5, 14, 32, 81, 47, 30, 62, 50, 54, 21, 22, 87, 53, 51, 57, 83, 6, 56, 93, 60, 34, 26, 70]
Dlugosc cyklu:
15573
Algorytm GCY
Lista wierzcholkow: 
[63, 32, 82, 3, 5, 14, 81, 41, 47, 30, 62, 12, 77, 1, 15, 16, 40, 44, 35, 91, 18, 95, 17, 23, 76, 54, 49, 53, 57, 6, 56, 93, 34, 60, 26, 70, 11, 8, 45, 24, 33, 83, 51, 42, 88, 59, 73, 65, 86, 13]
Dlugosc cyklu:
13366
Algorytm ŻALU
Lista wierzcholkow: 
[63, 32, 14, 5, 3, 86, 65, 60, 26, 8, 11, 97, 31, 58, 75, 96, 27, 92, 72, 9, 52, 69, 39, 66, 4, 61, 99, 74, 79, 64, 36, 83, 51, 53, 87, 54, 49, 76, 23, 17, 95, 91, 43, 40, 16, 77, 12, 47, 41, 13]
Dlugosc cyklu:
15396
First vertex:  1
Algorytm NNG
Lista wierzcholkow: 
[1, 12, 77, 16, 44, 35, 95, 91, 18, 43, 40, 17, 23, 76, 15, 41, 13, 63, 81, 32, 14, 5, 3, 82, 86, 59, 73, 65, 93, 56, 33, 6, 83, 57, 51, 53, 42, 88, 49, 54, 21, 22, 87, 36, 71, 64, 78, 80, 46, 55]
Dlugosc cyklu:
15472
Algorytm GCY
Lista wierzcholkow: 
[1, 41, 81, 14, 5, 3, 82, 32, 63, 13, 15, 49, 88, 42, 51, 83, 33, 24, 45, 8, 89, 11, 70, 26, 60, 34, 93, 56, 6, 57, 53, 87, 22, 21, 54, 76, 23, 17, 95, 18, 91, 44, 35, 40, 16, 77, 12, 62, 30, 47]
Dlugosc cyklu:
12727
Algorytm ŻALU
Lista wierzcholkow: 
[1, 41, 63, 30, 50, 14, 5, 3, 86, 65, 34, 26, 8, 11, 97, 31, 58, 75, 96, 90, 2, 92, 72, 9, 52, 69, 66, 4, 61, 99, 80, 46, 64, 19, 71, 6, 51, 53, 22, 54, 49, 76, 23, 95, 18, 43, 40, 16, 77, 12]
Dlugosc cyklu:
16972
First vertex:  62
Algorytm NNG
Lista wierzcholkow: 
[62, 30, 47, 81, 63, 13, 41, 1, 12, 77, 16, 44, 35, 95, 91, 18, 43, 40, 17, 23, 76, 15, 49, 42, 88, 86, 59, 73, 65, 3, 82, 5, 14, 32, 50, 54, 21, 22, 87, 53, 51, 57, 83, 6, 56, 93, 60, 34, 26, 70]
Dlugosc cyklu:
16223
Algorytm GCY
Lista wierzcholkow: 
[62, 12, 77, 16, 40, 35, 44, 91, 18, 95, 17, 23, 76, 54, 21, 22, 87, 53, 57, 6, 56, 93, 34, 60, 26, 70, 11, 89, 8, 45, 24, 33, 83, 51, 42, 88, 49, 15, 1, 41, 13, 63, 32, 82, 3, 5, 14, 81, 47, 30]
Dlugosc cyklu:
12391
Algorytm ŻALU
Lista wierzcholkow: 
[62, 12, 77, 16, 40, 43, 18, 95, 23, 76, 49, 54, 22, 53, 51, 57, 71, 19, 64, 46, 80, 99, 61, 4, 66, 39, 69, 52, 72, 10, 90, 96, 75, 58, 31, 97, 11, 0, 20, 8, 26, 34, 65, 86, 3, 5, 14, 81, 50, 30]
Dlugosc cyklu:
16269
First vertex:  38
Algorytm NNG
Lista wierzcholkow: 
[38, 69, 52, 72, 84, 92, 10, 2, 27, 90, 96, 98, 7, 28, 31, 58, 75, 97, 11, 70, 26, 60, 34, 93, 56, 33, 6, 83, 57, 51, 53, 42, 88, 86, 59, 73, 65, 3, 82, 5, 14, 32, 81, 63, 13, 41, 1, 12, 77, 16]
Dlugosc cyklu:
14056
Algorytm GCY
Lista wierzcholkow: 
[38, 66, 4, 61, 55, 99, 25, 68, 74, 29, 79, 19, 37, 48, 85, 89, 0, 45, 24, 8, 33, 57, 83, 6, 56, 93, 34, 60, 26, 70, 11, 97, 31, 58, 75, 96, 90, 27, 10, 2, 98, 7, 28, 94, 20, 67, 9, 39, 52, 69]
Dlugosc cyklu:
10704
Algorytm ŻALU
Lista wierzcholkow: 
[38, 39, 66, 4, 61, 99, 80, 46, 64, 19, 71, 57, 51, 53, 22, 54, 49, 76, 23, 95, 35, 16, 77, 12, 62, 30, 50, 81, 14, 5, 3, 86, 65, 34, 26, 8, 70, 11, 97, 31, 58, 75, 96, 90, 2, 92, 72, 9, 52, 69]
Dlugosc cyklu:
15830
First vertex:  84
Algorytm NNG
Lista wierzcholkow: 
[84, 72, 52, 69, 38, 39, 66, 4, 61, 25, 99, 55, 68, 74, 29, 79, 19, 37, 85, 48, 67, 9, 20, 89, 0, 94, 97, 11, 70, 26, 60, 34, 93, 56, 33, 6, 83, 57, 51, 53, 42, 88, 86, 59, 73, 65, 3, 82, 5, 14]
Dlugosc cyklu:
13510
Algorytm GCY
Lista wierzcholkow: 
[84, 2, 28, 7, 98, 94, 0, 20, 89, 45, 24, 8, 33, 57, 53, 51, 42, 88, 86, 82, 13, 63, 41, 81, 32, 14, 5, 3, 65, 59, 73, 83, 6, 56, 93, 34, 60, 26, 70, 11, 97, 31, 58, 75, 96, 90, 27, 10, 92, 72]
Dlugosc cyklu:
12046
Algorytm ŻALU
Lista wierzcholkow: 
[84, 92, 2, 90, 96, 75, 58, 31, 94, 89, 11, 70, 26, 34, 65, 86, 3, 5, 14, 81, 50, 30, 62, 12, 77, 16, 35, 17, 23, 76, 49, 54, 22, 53, 51, 57, 71, 19, 64, 46, 80, 99, 61, 4, 66, 39, 69, 52, 9, 72]
Dlugosc cyklu:
15849
First vertex:  45
Algorytm NNG
Lista wierzcholkow: 
[45, 24, 8, 26, 60, 34, 93, 56, 33, 6, 83, 57, 51, 53, 42, 88, 86, 59, 73, 65, 3, 82, 5, 14, 32, 81, 63, 13, 41, 1, 12, 77, 16, 44, 35, 95, 91, 18, 43, 40, 17, 23, 76, 15, 49, 54, 21, 22, 87, 36]
Dlugosc cyklu:
12499
Algorytm GCY
Lista wierzcholkow: 
[45, 8, 37, 19, 79, 74, 29, 64, 78, 80, 55, 99, 25, 61, 68, 48, 85, 67, 9, 20, 89, 0, 94, 28, 7, 98, 2, 10, 92, 27, 90, 96, 75, 58, 31, 97, 11, 70, 26, 60, 34, 93, 56, 6, 83, 51, 53, 57, 33, 24]
Dlugosc cyklu:
10346
Algorytm ŻALU
Lista wierzcholkow: 
[45, 37, 29, 48, 67, 20, 89, 94, 97, 31, 58, 75, 96, 90, 10, 84, 52, 38, 66, 4, 61, 99, 80, 46, 64, 36, 53, 22, 54, 49, 76, 23, 17, 91, 16, 77, 15, 41, 47, 50, 14, 5, 3, 86, 73, 83, 93, 60, 26, 24]
Dlugosc cyklu:
16125
First vertex:  20
Algorytm NNG
Lista wierzcholkow: 
[20, 89, 0, 94, 97, 11, 70, 26, 60, 34, 93, 56, 33, 6, 83, 57, 51, 53, 42, 88, 86, 59, 73, 65, 3, 82, 5, 14, 32, 81, 63, 13, 41, 1, 12, 77, 16, 44, 35, 95, 91, 18, 43, 40, 17, 23, 76, 15, 49, 54]
Dlugosc cyklu:
13293
Algorytm GCY
Lista wierzcholkow: 
[20, 94, 28, 7, 98, 2, 84, 72, 10, 92, 27, 90, 96, 75, 58, 31, 97, 11, 70, 26, 60, 34, 93, 56, 6, 83, 73, 59, 65, 3, 5, 14, 32, 81, 41, 63, 13, 82, 86, 88, 42, 51, 53, 57, 33, 8, 24, 45, 0, 89]
Dlugosc cyklu:
12238
Algorytm ŻALU
Lista wierzcholkow: 
[20, 94, 31, 7, 96, 27, 92, 72, 52, 69, 39, 66, 4, 61, 99, 80, 46, 64, 79, 71, 33, 56, 6, 51, 53, 22, 54, 49, 76, 23, 95, 18, 43, 40, 16, 77, 12, 1, 41, 81, 32, 5, 3, 86, 65, 34, 26, 70, 11, 89]
Dlugosc cyklu:
15673
First vertex:  18
Algorytm NNG
Lista wierzcholkow: 
[18, 91, 95, 35, 44, 16, 40, 77, 12, 1, 41, 13, 63, 81, 32, 14, 5, 3, 82, 86, 59, 73, 65, 93, 56, 33, 6, 83, 57, 51, 53, 42, 88, 49, 54, 21, 22, 87, 36, 71, 64, 78, 80, 46, 55, 99, 25, 68, 61, 4]
Dlugosc cyklu:
15155
Algorytm GCY
Lista wierzcholkow: 
[18, 95, 23, 76, 54, 21, 22, 87, 53, 57, 6, 56, 93, 34, 60, 26, 70, 11, 89, 8, 45, 24, 33, 83, 51, 42, 88, 49, 15, 13, 63, 32, 82, 3, 5, 14, 81, 41, 1, 47, 30, 62, 12, 77, 17, 44, 16, 40, 35, 91]
Dlugosc cyklu:
13105
Algorytm ŻALU
Lista wierzcholkow: 
[18, 23, 76, 49, 54, 22, 53, 71, 37, 48, 74, 64, 46, 80, 99, 61, 4, 66, 39, 69, 52, 72, 92, 2, 90, 96, 75, 58, 31, 94, 89, 11, 70, 34, 56, 73, 86, 3, 5, 14, 63, 81, 50, 30, 62, 12, 77, 16, 40, 91]
Dlugosc cyklu:
15960
First vertex:  2
Algorytm NNG
Lista wierzcholkow: 
[2, 10, 92, 84, 72, 52, 69, 38, 39, 66, 4, 61, 25, 99, 55, 68, 74, 29, 79, 19, 37, 85, 48, 67, 9, 20, 89, 0, 94, 97, 11, 70, 26, 60, 34, 93, 56, 33, 6, 83, 57, 51, 53, 42, 88, 86, 59, 73, 65, 3]
Dlugosc cyklu:
12535
Algorytm GCY
Lista wierzcholkow: 
[2, 84, 72, 92, 10, 27, 90, 96, 75, 58, 31, 97, 11, 70, 26, 60, 34, 93, 56, 6, 83, 73, 59, 65, 3, 5, 14, 32, 81, 41, 63, 13, 82, 86, 88, 42, 51, 53, 57, 33, 8, 24, 45, 89, 20, 0, 94, 98, 7, 28]
Dlugosc cyklu:
12046
Algorytm ŻALU
Lista wierzcholkow: 
[2, 90, 96, 28, 31, 97, 11, 70, 34, 56, 73, 65, 86, 88, 13, 82, 3, 5, 14, 50, 47, 62, 12, 77, 16, 40, 43, 18, 95, 17, 23, 54, 87, 53, 71, 37, 48, 74, 64, 46, 80, 99, 61, 4, 66, 39, 69, 52, 72, 10]
Dlugosc cyklu:
16106
First vertex:  91
Algorytm NNG
Lista wierzcholkow: 
[91, 18, 95, 35, 44, 16, 40, 77, 12, 1, 41, 13, 63, 81, 32, 14, 5, 3, 82, 86, 59, 73, 65, 93, 56, 33, 6, 83, 57, 51, 53, 42, 88, 49, 54, 21, 22, 87, 36, 71, 64, 78, 80, 46, 55, 99, 25, 68, 61, 4]
Dlugosc cyklu:
15211
Algorytm GCY
Lista wierzcholkow: 
[91, 35, 40, 16, 44, 17, 77, 12, 62, 30, 47, 1, 41, 81, 14, 5, 3, 82, 32, 63, 13, 15, 49, 88, 42, 51, 83, 33, 24, 45, 8, 89, 11, 70, 26, 60, 34, 93, 56, 6, 57, 53, 87, 22, 21, 54, 76, 23, 95, 18]
Dlugosc cyklu:
13105
Algorytm ŻALU
Lista wierzcholkow: 
[91, 40, 16, 77, 12, 62, 30, 50, 81, 63, 14, 5, 3, 86, 73, 56, 34, 70, 11, 89, 94, 31, 58, 75, 96, 90, 2, 92, 72, 52, 69, 39, 66, 4, 61, 99, 80, 46, 64, 74, 48, 37, 71, 53, 22, 54, 49, 76, 23, 18]
Dlugosc cyklu:
15960
First vertex:  73
Algorytm NNG
Lista wierzcholkow: 
[73, 59, 86, 88, 42, 51, 53, 57, 83, 6, 56, 93, 60, 34, 26, 70, 11, 97, 94, 0, 89, 20, 85, 48, 29, 74, 79, 19, 37, 45, 24, 8, 33, 71, 36, 64, 78, 80, 46, 55, 99, 25, 68, 61, 4, 66, 39, 38, 69, 52]
Dlugosc cyklu:
12581
Algorytm GCY
Lista wierzcholkow: 
[73, 65, 86, 88, 42, 51, 53, 57, 83, 6, 33, 24, 45, 8, 37, 19, 79, 74, 29, 25, 68, 48, 85, 67, 9, 20, 89, 0, 94, 28, 7, 98, 2, 10, 92, 27, 90, 96, 75, 58, 31, 97, 11, 70, 26, 60, 34, 56, 93, 59]
Dlugosc cyklu:
10777
Algorytm ŻALU
Lista wierzcholkow: 
[73, 56, 34, 70, 11, 89, 94, 31, 58, 75, 96, 27, 92, 72, 52, 69, 39, 66, 4, 61, 99, 80, 46, 64, 74, 48, 37, 71, 53, 22, 54, 49, 76, 23, 17, 35, 16, 77, 12, 62, 30, 50, 81, 63, 32, 14, 5, 3, 88, 59]
Dlugosc cyklu:
15692
First vertex:  85
Algorytm NNG
Lista wierzcholkow: 
[85, 48, 29, 74, 79, 19, 37, 45, 24, 8, 26, 60, 34, 93, 56, 33, 6, 83, 57, 51, 53, 42, 88, 86, 59, 73, 65, 3, 82, 5, 14, 32, 81, 63, 13, 41, 1, 12, 77, 16, 44, 35, 95, 91, 18, 43, 40, 17, 23, 76]
Dlugosc cyklu:
12731
Algorytm GCY
Lista wierzcholkow: 
[85, 37, 19, 79, 74, 29, 64, 46, 78, 80, 55, 99, 25, 61, 68, 67, 9, 20, 94, 28, 7, 98, 2, 10, 92, 27, 90, 96, 75, 58, 31, 97, 11, 70, 26, 60, 34, 93, 56, 6, 83, 51, 57, 33, 8, 24, 45, 0, 89, 48]
Dlugosc cyklu:
10937
Algorytm ŻALU
Lista wierzcholkow: 
[85, 19, 64, 36, 6, 51, 53, 22, 54, 49, 76, 23, 95, 18, 43, 40, 16, 77, 12, 62, 47, 50, 81, 63, 14, 5, 3, 86, 65, 34, 26, 8, 11, 97, 31, 58, 75, 96, 90, 10, 84, 52, 69, 39, 66, 4, 61, 99, 68, 48]
Dlugosc cyklu:
15905
First vertex:  76
Algorytm NNG
Lista wierzcholkow: 
[76, 23, 17, 44, 35, 16, 40, 91, 18, 95, 43, 77, 12, 1, 41, 13, 63, 81, 32, 14, 5, 3, 82, 86, 59, 73, 65, 93, 56, 33, 6, 83, 57, 51, 53, 42, 88, 49, 54, 21, 22, 87, 36, 71, 64, 78, 80, 46, 55, 99]
Dlugosc cyklu:
15065
Algorytm GCY
Lista wierzcholkow: 
[76, 54, 21, 22, 87, 53, 57, 6, 56, 93, 34, 60, 26, 70, 11, 89, 8, 45, 24, 33, 83, 51, 42, 88, 49, 15, 13, 63, 32, 82, 3, 5, 14, 81, 41, 1, 47, 30, 62, 12, 77, 16, 40, 35, 44, 91, 18, 95, 17, 23]
Dlugosc cyklu:
12727
Algorytm ŻALU
Lista wierzcholkow: 
[76, 15, 44, 77, 12, 62, 47, 50, 81, 41, 63, 32, 14, 5, 3, 86, 73, 6, 56, 93, 34, 70, 11, 89, 94, 31, 58, 75, 96, 27, 2, 92, 72, 9, 52, 69, 39, 66, 4, 61, 99, 74, 85, 79, 64, 36, 53, 22, 54, 23]
Dlugosc cyklu:
15957
First vertex:  5
Algorytm NNG
Lista wierzcholkow: 
[5, 3, 82, 63, 13, 41, 1, 12, 77, 16, 44, 35, 95, 91, 18, 43, 40, 17, 23, 76, 15, 49, 42, 88, 86, 59, 73, 65, 93, 56, 33, 6, 83, 57, 51, 53, 71, 36, 64, 78, 80, 46, 55, 99, 25, 68, 61, 4, 66, 39]
Dlugosc cyklu:
15118
Algorytm GCY
Lista wierzcholkow: 
[5, 14, 32, 81, 47, 30, 62, 12, 77, 16, 40, 35, 44, 91, 18, 95, 17, 23, 76, 54, 21, 22, 87, 53, 57, 6, 56, 93, 34, 60, 26, 70, 11, 89, 8, 45, 24, 33, 83, 51, 42, 88, 49, 15, 1, 41, 63, 13, 82, 3]
Dlugosc cyklu:
12181
Algorytm ŻALU
Lista wierzcholkow: 
[5, 14, 32, 63, 81, 50, 47, 62, 12, 77, 16, 40, 43, 91, 17, 23, 76, 49, 54, 22, 53, 71, 37, 48, 74, 64, 46, 80, 99, 61, 4, 66, 69, 52, 72, 92, 2, 90, 96, 75, 58, 31, 94, 11, 70, 34, 56, 73, 86, 3]
Dlugosc cyklu:
15919
First vertex:  35
Algorytm NNG
Lista wierzcholkow: 
[35, 44, 16, 40, 91, 18, 95, 17, 23, 76, 15, 1, 12, 77, 62, 30, 47, 81, 63, 13, 41, 32, 14, 5, 3, 82, 86, 59, 73, 65, 93, 56, 33, 6, 83, 57, 51, 53, 42, 88, 49, 54, 21, 22, 87, 36, 71, 64, 78, 80]
Dlugosc cyklu:
14464
Algorytm GCY
Lista wierzcholkow: 
[35, 95, 18, 91, 43, 40, 16, 30, 47, 62, 12, 1, 41, 81, 14, 5, 3, 82, 32, 63, 13, 86, 65, 73, 59, 88, 42, 51, 83, 33, 8, 26, 60, 34, 93, 56, 6, 57, 53, 87, 22, 21, 54, 49, 15, 77, 76, 23, 17, 44]
Dlugosc cyklu:
13926
Algorytm ŻALU
Lista wierzcholkow: 
[35, 43, 17, 23, 76, 49, 54, 22, 53, 51, 6, 71, 19, 74, 64, 46, 80, 99, 61, 4, 66, 39, 69, 52, 72, 10, 90, 96, 75, 58, 31, 97, 11, 0, 20, 8, 26, 34, 65, 86, 3, 5, 14, 50, 47, 62, 41, 15, 77, 44]
Dlugosc cyklu:
17002
First vertex:  49
Algorytm NNG
Lista wierzcholkow: 
[49, 42, 88, 86, 59, 73, 65, 3, 82, 5, 14, 32, 81, 63, 13, 41, 1, 12, 77, 16, 44, 35, 95, 91, 18, 43, 40, 17, 23, 76, 15, 62, 30, 47, 50, 54, 21, 22, 87, 53, 51, 57, 83, 6, 56, 93, 60, 34, 26, 70]
Dlugosc cyklu:
15088
Algorytm GCY
Lista wierzcholkow: 
[49, 88, 42, 51, 83, 33, 24, 45, 8, 11, 70, 26, 60, 34, 93, 56, 6, 57, 53, 87, 22, 21, 54, 23, 17, 76, 15, 1, 77, 44, 35, 95, 18, 91, 43, 40, 16, 12, 62, 30, 47, 41, 81, 14, 5, 3, 82, 32, 63, 13]
Dlugosc cyklu:
13091
Algorytm ŻALU
Lista wierzcholkow: 
[49, 15, 1, 12, 77, 16, 18, 17, 23, 54, 87, 53, 51, 6, 56, 33, 71, 19, 64, 46, 80, 99, 61, 4, 66, 39, 69, 52, 72, 10, 90, 96, 75, 58, 31, 94, 11, 70, 26, 34, 65, 3, 5, 14, 50, 30, 81, 63, 88, 42]
Dlugosc cyklu:
16963
First vertex:  83
Algorytm NNG
Lista wierzcholkow: 
[83, 6, 57, 51, 53, 42, 88, 86, 59, 73, 65, 3, 82, 5, 14, 32, 81, 63, 13, 41, 1, 12, 77, 16, 44, 35, 95, 91, 18, 43, 40, 17, 23, 76, 15, 49, 54, 21, 22, 87, 36, 71, 64, 78, 80, 46, 55, 99, 25, 68]
Dlugosc cyklu:
13572
Algorytm GCY
Lista wierzcholkow: 
[83, 51, 53, 57, 6, 56, 93, 34, 60, 26, 70, 11, 97, 31, 58, 75, 96, 90, 27, 92, 10, 2, 98, 7, 28, 94, 0, 89, 20, 9, 67, 85, 48, 68, 61, 25, 99, 55, 80, 78, 64, 29, 74, 79, 19, 37, 8, 45, 24, 33]
Dlugosc cyklu:
10367
Algorytm ŻALU
Lista wierzcholkow: 
[83, 36, 64, 78, 74, 99, 61, 4, 66, 38, 52, 72, 92, 2, 27, 96, 75, 58, 31, 97, 11, 0, 20, 8, 26, 60, 93, 65, 86, 3, 5, 14, 32, 81, 41, 1, 12, 77, 16, 40, 43, 18, 95, 17, 23, 54, 49, 42, 51, 6]
Dlugosc cyklu:
14392
First vertex:  88
Algorytm NNG
Lista wierzcholkow: 
[88, 42, 51, 53, 57, 83, 6, 56, 93, 60, 34, 26, 70, 11, 97, 94, 0, 89, 20, 85, 48, 29, 74, 79, 19, 37, 45, 24, 8, 33, 71, 36, 64, 78, 80, 46, 55, 99, 25, 68, 61, 4, 66, 39, 38, 69, 52, 72, 84, 92]
Dlugosc cyklu:
12861
Algorytm GCY
Lista wierzcholkow: 
[88, 86, 65, 73, 59, 93, 56, 34, 60, 26, 70, 11, 97, 31, 58, 75, 96, 90, 27, 92, 10, 2, 98, 7, 28, 94, 0, 89, 20, 9, 67, 85, 48, 68, 25, 29, 74, 79, 19, 37, 8, 45, 24, 33, 6, 83, 57, 53, 51, 42]
Dlugosc cyklu:
10777
Algorytm ŻALU
Lista wierzcholkow: 
[88, 49, 54, 76, 23, 95, 91, 43, 40, 16, 77, 1, 62, 30, 50, 81, 63, 32, 14, 5, 3, 86, 65, 34, 26, 70, 11, 89, 94, 31, 58, 75, 96, 27, 2, 92, 72, 52, 38, 66, 4, 61, 99, 74, 79, 64, 71, 53, 51, 42]
Dlugosc cyklu:
15592
First vertex:  41
Algorytm NNG
Lista wierzcholkow: 
[41, 1, 12, 77, 16, 44, 35, 95, 91, 18, 43, 40, 17, 23, 76, 15, 13, 63, 81, 32, 14, 5, 3, 82, 86, 59, 73, 65, 93, 56, 33, 6, 83, 57, 51, 53, 42, 88, 49, 54, 21, 22, 87, 36, 71, 64, 78, 80, 46, 55]
Dlugosc cyklu:
15556
Algorytm GCY
Lista wierzcholkow: 
[41, 13, 63, 32, 82, 3, 5, 14, 81, 47, 30, 62, 12, 77, 16, 40, 35, 44, 91, 18, 95, 17, 23, 76, 54, 21, 22, 87, 53, 57, 6, 56, 93, 34, 60, 26, 70, 11, 89, 8, 45, 24, 33, 83, 51, 42, 88, 49, 15, 1]
Dlugosc cyklu:
12391
Algorytm ŻALU
Lista wierzcholkow: 
[41, 81, 32, 14, 5, 3, 86, 65, 34, 26, 70, 11, 97, 31, 58, 98, 90, 2, 92, 72, 52, 38, 39, 66, 4, 61, 99, 80, 46, 64, 74, 48, 19, 71, 33, 56, 6, 51, 53, 87, 54, 49, 76, 23, 17, 44, 16, 77, 12, 1]
Dlugosc cyklu:
14670
First vertex:  39
Algorytm NNG
Lista wierzcholkow: 
[39, 38, 69, 52, 72, 84, 92, 10, 2, 27, 90, 96, 98, 7, 28, 31, 58, 75, 97, 11, 70, 26, 60, 34, 93, 56, 33, 6, 83, 57, 51, 53, 42, 88, 86, 59, 73, 65, 3, 82, 5, 14, 32, 81, 63, 13, 41, 1, 12, 77]
Dlugosc cyklu:
13738
Algorytm GCY
Lista wierzcholkow: 
[39, 52, 69, 38, 66, 4, 61, 55, 99, 25, 68, 74, 29, 79, 19, 37, 48, 85, 89, 0, 45, 24, 8, 33, 57, 83, 6, 56, 93, 34, 60, 26, 70, 11, 97, 31, 58, 75, 96, 90, 27, 10, 2, 98, 7, 28, 94, 20, 67, 9]
Dlugosc cyklu:
10704
Algorytm ŻALU
Lista wierzcholkow: 
[39, 66, 4, 61, 99, 80, 46, 64, 19, 71, 6, 51, 53, 22, 54, 49, 76, 23, 17, 95, 43, 16, 77, 12, 62, 50, 41, 13, 32, 14, 5, 3, 86, 65, 34, 26, 8, 20, 0, 11, 97, 31, 58, 75, 96, 27, 92, 72, 52, 38]
Dlugosc cyklu:
16858
First vertex:  16
Algorytm NNG
Lista wierzcholkow: 
[16, 44, 35, 95, 91, 18, 43, 40, 77, 12, 1, 41, 13, 63, 81, 32, 14, 5, 3, 82, 86, 59, 73, 65, 93, 56, 33, 6, 83, 57, 51, 53, 42, 88, 49, 54, 21, 22, 87, 36, 71, 64, 78, 80, 46, 55, 99, 25, 68, 61]
Dlugosc cyklu:
15299
Algorytm GCY
Lista wierzcholkow: 
[16, 40, 43, 91, 18, 95, 35, 44, 17, 23, 76, 77, 15, 49, 54, 21, 22, 87, 53, 57, 6, 56, 93, 34, 60, 26, 8, 33, 83, 51, 42, 88, 59, 73, 65, 86, 13, 63, 32, 82, 3, 5, 14, 81, 41, 1, 12, 62, 47, 30]
Dlugosc cyklu:
13926
Algorytm ŻALU
Lista wierzcholkow: 
[16, 77, 12, 62, 30, 50, 81, 63, 32, 14, 5, 3, 86, 65, 34, 26, 8, 20, 0, 11, 97, 31, 58, 75, 96, 27, 92, 72, 52, 38, 66, 4, 61, 99, 80, 46, 64, 74, 19, 71, 6, 51, 53, 21, 54, 49, 76, 23, 17, 44]
Dlugosc cyklu:
15643
First vertex:  40
Algorytm NNG
Lista wierzcholkow: 
[40, 16, 44, 35, 95, 91, 18, 43, 17, 23, 76, 15, 1, 12, 77, 62, 30, 47, 81, 63, 13, 41, 32, 14, 5, 3, 82, 86, 59, 73, 65, 93, 56, 33, 6, 83, 57, 51, 53, 42, 88, 49, 54, 21, 22, 87, 36, 71, 64, 78]
Dlugosc cyklu:
15116
Algorytm GCY
Lista wierzcholkow: 
[40, 43, 91, 18, 95, 35, 44, 17, 23, 76, 77, 15, 49, 54, 21, 22, 87, 53, 57, 6, 56, 93, 34, 60, 26, 8, 33, 83, 51, 42, 88, 59, 73, 65, 86, 13, 63, 32, 82, 3, 5, 14, 81, 41, 1, 12, 62, 47, 30, 16]
Dlugosc cyklu:
13926
Algorytm ŻALU
Lista wierzcholkow: 
[40, 43, 18, 95, 23, 76, 49, 54, 22, 53, 71, 37, 48, 74, 64, 46, 80, 99, 61, 4, 66, 39, 69, 52, 72, 92, 2, 90, 96, 75, 58, 31, 94, 89, 11, 70, 34, 56, 73, 86, 3, 5, 14, 32, 63, 41, 47, 12, 77, 16]
Dlugosc cyklu:
15728
First vertex:  89
Algorytm NNG
Lista wierzcholkow: 
[89, 0, 94, 97, 11, 70, 26, 60, 34, 93, 56, 33, 6, 83, 57, 51, 53, 42, 88, 86, 59, 73, 65, 3, 82, 5, 14, 32, 81, 63, 13, 41, 1, 12, 77, 16, 44, 35, 95, 91, 18, 43, 40, 17, 23, 76, 15, 49, 54, 21]
Dlugosc cyklu:
13408
Algorytm GCY
Lista wierzcholkow: 
[89, 20, 94, 28, 7, 98, 2, 84, 72, 10, 92, 27, 90, 96, 75, 58, 31, 97, 11, 70, 26, 60, 34, 93, 56, 6, 83, 73, 59, 65, 3, 5, 14, 32, 81, 41, 63, 13, 82, 86, 88, 42, 51, 53, 57, 33, 8, 24, 45, 0]
Dlugosc cyklu:
12238
Algorytm ŻALU
Lista wierzcholkow: 
[89, 45, 70, 34, 93, 65, 86, 3, 5, 14, 32, 63, 81, 50, 47, 62, 12, 77, 16, 18, 23, 76, 49, 54, 22, 53, 51, 6, 33, 36, 64, 78, 74, 99, 61, 4, 66, 39, 69, 52, 9, 72, 92, 2, 90, 96, 28, 31, 97, 0]
Dlugosc cyklu:
16566
First vertex:  70
Algorytm NNG
Lista wierzcholkow: 
[70, 11, 97, 94, 0, 89, 20, 85, 48, 29, 74, 79, 19, 37, 45, 24, 8, 26, 60, 34, 93, 56, 33, 6, 83, 57, 51, 53, 42, 88, 86, 59, 73, 65, 3, 82, 5, 14, 32, 81, 63, 13, 41, 1, 12, 77, 16, 44, 35, 95]
Dlugosc cyklu:
12630
Algorytm GCY
Lista wierzcholkow: 
[70, 26, 60, 34, 93, 56, 6, 83, 73, 59, 65, 3, 5, 14, 32, 81, 41, 63, 13, 82, 86, 88, 42, 51, 53, 57, 33, 8, 24, 45, 89, 20, 0, 94, 28, 7, 98, 2, 84, 72, 10, 92, 27, 90, 96, 75, 58, 31, 97, 11]
Dlugosc cyklu:
12007
Algorytm ŻALU
Lista wierzcholkow: 
[70, 26, 93, 73, 86, 3, 5, 14, 50, 47, 62, 41, 15, 77, 16, 40, 43, 91, 17, 23, 76, 49, 54, 22, 53, 51, 57, 71, 37, 48, 74, 64, 46, 80, 99, 61, 4, 66, 38, 52, 72, 92, 2, 90, 96, 75, 58, 31, 97, 11]
Dlugosc cyklu:
15838
First vertex:  4
Algorytm NNG
Lista wierzcholkow: 
[4, 66, 39, 38, 69, 52, 72, 84, 92, 10, 2, 27, 90, 96, 98, 7, 28, 31, 58, 75, 97, 11, 70, 26, 60, 34, 93, 56, 33, 6, 83, 57, 51, 53, 42, 88, 86, 59, 73, 65, 3, 82, 5, 14, 32, 81, 63, 13, 41, 1]
Dlugosc cyklu:
13814
Algorytm GCY
Lista wierzcholkow: 
[4, 61, 55, 99, 25, 68, 74, 29, 79, 19, 37, 48, 85, 89, 0, 45, 24, 8, 33, 57, 83, 6, 56, 93, 34, 60, 26, 70, 11, 97, 31, 58, 75, 96, 90, 27, 10, 2, 98, 7, 28, 94, 20, 67, 9, 39, 38, 52, 69, 66]
Dlugosc cyklu:
10650
Algorytm ŻALU
Lista wierzcholkow: 
[4, 61, 99, 74, 79, 64, 36, 57, 51, 53, 22, 54, 49, 76, 23, 17, 35, 16, 77, 12, 62, 30, 50, 81, 63, 32, 14, 5, 3, 88, 59, 65, 34, 26, 8, 20, 0, 11, 97, 31, 58, 75, 96, 90, 2, 92, 84, 52, 38, 66]
Dlugosc cyklu:
15659
First vertex:  17
Algorytm NNG
Lista wierzcholkow: 
[17, 23, 76, 15, 1, 12, 77, 16, 44, 35, 95, 91, 18, 43, 40, 62, 30, 47, 81, 63, 13, 41, 32, 14, 5, 3, 82, 86, 59, 73, 65, 93, 56, 33, 6, 83, 57, 51, 53, 42, 88, 49, 54, 21, 22, 87, 36, 71, 64, 78]
Dlugosc cyklu:
14638
Algorytm GCY
Lista wierzcholkow: 
[17, 95, 18, 91, 44, 35, 40, 16, 77, 12, 62, 30, 47, 1, 41, 81, 14, 5, 3, 82, 32, 63, 13, 15, 49, 88, 42, 51, 83, 33, 24, 45, 8, 89, 11, 70, 26, 60, 34, 93, 56, 6, 57, 53, 87, 22, 21, 54, 76, 23]
Dlugosc cyklu:
12727
Algorytm ŻALU
Lista wierzcholkow: 
[17, 18, 40, 16, 77, 12, 62, 30, 50, 81, 14, 5, 3, 86, 65, 34, 26, 70, 11, 89, 94, 31, 58, 75, 96, 90, 10, 72, 52, 69, 39, 66, 4, 61, 99, 80, 46, 64, 19, 71, 33, 56, 6, 51, 53, 87, 54, 49, 76, 23]
Dlugosc cyklu:
16024
First vertex:  99
Algorytm NNG
Lista wierzcholkow: 
[99, 55, 25, 68, 61, 4, 66, 39, 38, 69, 52, 72, 84, 92, 10, 2, 27, 90, 96, 98, 7, 28, 31, 58, 75, 97, 11, 70, 26, 60, 34, 93, 56, 33, 6, 83, 57, 51, 53, 42, 88, 86, 59, 73, 65, 3, 82, 5, 14, 32]
Dlugosc cyklu:
13299
Algorytm GCY
Lista wierzcholkow: 
[99, 25, 74, 79, 19, 37, 85, 48, 89, 0, 45, 24, 8, 33, 57, 53, 51, 83, 6, 56, 93, 34, 60, 26, 70, 11, 97, 31, 58, 75, 96, 90, 27, 92, 10, 72, 84, 2, 98, 7, 28, 94, 20, 9, 67, 29, 68, 4, 61, 55]
Dlugosc cyklu:
11600
Algorytm ŻALU
Lista wierzcholkow: 
[99, 61, 4, 66, 38, 52, 72, 92, 27, 98, 58, 31, 97, 11, 0, 20, 8, 26, 34, 65, 86, 3, 5, 14, 81, 50, 30, 62, 12, 77, 16, 40, 43, 18, 95, 17, 23, 76, 49, 54, 22, 53, 51, 6, 36, 79, 64, 46, 80, 55]
Dlugosc cyklu:
16282
First vertex:  68
Algorytm NNG
Lista wierzcholkow: 
[68, 25, 99, 55, 61, 4, 66, 39, 38, 69, 52, 72, 84, 92, 10, 2, 27, 90, 96, 98, 7, 28, 31, 58, 75, 97, 11, 70, 26, 60, 34, 93, 56, 33, 6, 83, 57, 51, 53, 42, 88, 86, 59, 73, 65, 3, 82, 5, 14, 32]
Dlugosc cyklu:
13236
Algorytm GCY
Lista wierzcholkow: 
[68, 4, 61, 55, 99, 25, 74, 79, 19, 37, 85, 48, 89, 0, 45, 24, 8, 33, 57, 53, 51, 83, 6, 56, 93, 34, 60, 26, 70, 11, 97, 31, 58, 75, 96, 90, 27, 92, 10, 72, 84, 2, 98, 7, 28, 94, 20, 9, 67, 29]
Dlugosc cyklu:
11600
Algorytm ŻALU
Lista wierzcholkow: 
[68, 61, 4, 66, 69, 52, 9, 84, 10, 90, 96, 75, 58, 31, 94, 89, 11, 70, 26, 34, 65, 86, 3, 5, 14, 81, 50, 47, 62, 12, 77, 43, 17, 23, 76, 49, 54, 87, 53, 51, 6, 56, 33, 71, 19, 64, 46, 80, 99, 25]
Dlugosc cyklu:
16973
First vertex:  37
Algorytm NNG
Lista wierzcholkow: 
[37, 19, 79, 29, 74, 68, 25, 99, 55, 61, 4, 66, 39, 38, 69, 52, 72, 84, 92, 10, 2, 27, 90, 96, 98, 7, 28, 31, 58, 75, 97, 11, 70, 26, 60, 34, 93, 56, 33, 6, 83, 57, 51, 53, 42, 88, 86, 59, 73, 65]
Dlugosc cyklu:
11221
Algorytm GCY
Lista wierzcholkow: 
[37, 85, 48, 89, 0, 45, 24, 8, 33, 57, 51, 83, 6, 56, 93, 34, 60, 26, 70, 11, 97, 31, 58, 75, 96, 90, 27, 92, 10, 2, 98, 7, 28, 94, 20, 9, 67, 68, 61, 25, 99, 55, 80, 78, 46, 64, 29, 74, 79, 19]
Dlugosc cyklu:
10937
Algorytm ŻALU
Lista wierzcholkow: 
[37, 64, 36, 33, 6, 51, 53, 87, 54, 49, 76, 23, 17, 95, 18, 43, 40, 16, 77, 12, 62, 47, 50, 81, 63, 14, 5, 3, 86, 65, 34, 26, 70, 11, 94, 31, 58, 98, 27, 10, 84, 9, 52, 69, 66, 4, 61, 99, 74, 19]
Dlugosc cyklu:
16305
First vertex:  56
Algorytm NNG
Lista wierzcholkow: 
[56, 93, 60, 34, 26, 70, 11, 97, 94, 0, 89, 20, 85, 48, 29, 74, 79, 19, 37, 45, 24, 8, 33, 6, 83, 57, 51, 53, 42, 88, 86, 59, 73, 65, 3, 82, 5, 14, 32, 81, 63, 13, 41, 1, 12, 77, 16, 44, 35, 95]
Dlugosc cyklu:
12096
Algorytm GCY
Lista wierzcholkow: 
[56, 6, 83, 51, 53, 57, 33, 24, 45, 8, 37, 19, 79, 74, 29, 64, 78, 80, 55, 99, 25, 61, 68, 48, 85, 67, 9, 20, 89, 0, 94, 28, 7, 98, 2, 10, 92, 27, 90, 96, 75, 58, 31, 97, 11, 70, 26, 60, 34, 93]
Dlugosc cyklu:
10346
Algorytm ŻALU
Lista wierzcholkow: 
[56, 6, 51, 42, 88, 86, 82, 5, 14, 81, 50, 30, 62, 12, 77, 16, 40, 43, 18, 95, 17, 23, 54, 22, 36, 19, 64, 46, 80, 99, 61, 4, 66, 39, 69, 52, 9, 84, 92, 27, 96, 75, 58, 31, 97, 11, 8, 26, 34, 93]
Dlugosc cyklu:
16036
