Lista wierzcholkow: 
[33, 24, 45, 8, 37, 19, 79, 74, 29, 64, 78, 80, 55, 99, 25, 61, 68, 48, 85, 67, 9, 20, 89, 0, 94, 28, 7, 98, 2, 10, 92, 27, 90, 96, 75, 58, 31, 97, 11, 70, 26, 60, 34, 93, 56, 6, 57, 53, 51, 83]
Dlugosc cyklu:
10367
Lista wierzcholkow: 
[7, 28, 94, 0, 20, 89, 45, 24, 8, 33, 57, 53, 51, 42, 88, 86, 82, 13, 63, 41, 81, 32, 14, 5, 3, 65, 59, 73, 83, 6, 56, 93, 34, 60, 26, 70, 11, 97, 31, 58, 75, 96, 90, 27, 92, 10, 72, 84, 2, 98]
Dlugosc cyklu:
12007
Lista wierzcholkow: 
[51, 53, 57, 6, 56, 93, 34, 60, 26, 70, 11, 97, 31, 58, 75, 96, 90, 27, 92, 10, 2, 98, 7, 28, 94, 0, 89, 20, 9, 67, 85, 48, 68, 61, 25, 99, 55, 80, 78, 64, 29, 74, 79, 19, 37, 8, 45, 24, 33, 83]
Dlugosc cyklu:
10367
Lista wierzcholkow: 
[52, 39, 9, 67, 20, 94, 28, 7, 98, 2, 10, 27, 90, 96, 75, 58, 31, 97, 11, 70, 26, 60, 34, 93, 56, 6, 83, 57, 33, 8, 24, 45, 0, 89, 85, 48, 37, 19, 79, 29, 74, 68, 25, 99, 55, 61, 4, 66, 38, 69]
Dlugosc cyklu:
10704
Lista wierzcholkow: 
[82, 13, 63, 41, 1, 15, 49, 88, 42, 51, 83, 33, 24, 45, 8, 89, 11, 70, 26, 60, 34, 93, 56, 6, 57, 53, 87, 22, 21, 54, 76, 23, 17, 95, 18, 91, 44, 35, 40, 16, 77, 12, 62, 30, 47, 81, 32, 14, 5, 3]
Dlugosc cyklu:
12181
Lista wierzcholkow: 
[77, 16, 40, 35, 44, 91, 18, 95, 17, 23, 76, 54, 21, 22, 87, 53, 57, 6, 56, 93, 34, 60, 26, 70, 11, 89, 8, 45, 24, 33, 83, 51, 42, 88, 49, 15, 13, 63, 32, 82, 3, 5, 14, 81, 41, 1, 47, 30, 62, 12]
Dlugosc cyklu:
12727
Lista wierzcholkow: 
[95, 23, 76, 54, 21, 22, 87, 53, 57, 6, 56, 93, 34, 60, 26, 70, 11, 89, 8, 45, 24, 33, 83, 51, 42, 88, 49, 15, 13, 63, 32, 82, 3, 5, 14, 81, 41, 1, 47, 30, 62, 12, 77, 17, 44, 16, 40, 35, 91, 18]
Dlugosc cyklu:
13105
Lista wierzcholkow: 
[64, 74, 29, 55, 99, 25, 61, 68, 67, 9, 20, 94, 28, 7, 98, 2, 10, 27, 90, 96, 75, 58, 31, 97, 11, 70, 26, 60, 34, 93, 56, 6, 83, 57, 33, 8, 24, 45, 0, 89, 48, 85, 79, 19, 37, 71, 36, 46, 80, 78]
Dlugosc cyklu:
11316
Lista wierzcholkow: 
[5, 3, 82, 13, 63, 41, 1, 15, 49, 88, 42, 51, 83, 33, 24, 45, 8, 89, 11, 70, 26, 60, 34, 93, 56, 6, 57, 53, 87, 22, 21, 54, 76, 23, 17, 95, 18, 91, 44, 35, 40, 16, 77, 12, 62, 30, 47, 81, 32, 14]
Dlugosc cyklu:
12181
Lista wierzcholkow: 
[89, 20, 94, 28, 7, 98, 2, 84, 72, 10, 92, 27, 90, 96, 75, 58, 31, 97, 11, 70, 26, 60, 34, 93, 56, 6, 83, 73, 59, 65, 3, 5, 14, 32, 81, 41, 63, 13, 82, 86, 88, 42, 51, 53, 57, 33, 8, 24, 45, 0]
Dlugosc cyklu:
12238
Lista wierzcholkow: 
[95, 18, 91, 44, 35, 40, 16, 77, 12, 62, 30, 47, 1, 41, 81, 14, 5, 3, 82, 32, 63, 13, 15, 49, 88, 42, 51, 83, 33, 24, 45, 8, 89, 11, 70, 26, 60, 34, 93, 56, 6, 57, 53, 87, 22, 21, 54, 76, 23, 17]
Dlugosc cyklu:
12727
Lista wierzcholkow: 
[30, 47, 62, 12, 1, 41, 81, 14, 5, 3, 82, 32, 63, 13, 86, 65, 73, 59, 88, 42, 51, 83, 33, 8, 26, 60, 34, 93, 56, 6, 57, 53, 87, 22, 21, 54, 49, 15, 77, 76, 23, 17, 44, 35, 95, 18, 91, 43, 40, 16]
Dlugosc cyklu:
13926
Lista wierzcholkow: 
[93, 56, 34, 60, 26, 70, 11, 97, 31, 58, 75, 96, 90, 27, 92, 10, 2, 98, 7, 28, 94, 0, 89, 20, 9, 67, 85, 48, 68, 25, 29, 74, 79, 19, 37, 8, 45, 24, 33, 6, 83, 57, 53, 51, 42, 88, 86, 65, 73, 59]
Dlugosc cyklu:
10777
Lista wierzcholkow: 
[86, 65, 73, 59, 93, 56, 34, 60, 26, 70, 11, 97, 31, 58, 75, 96, 90, 27, 92, 10, 2, 98, 7, 28, 94, 0, 89, 20, 9, 67, 85, 48, 68, 25, 29, 74, 79, 19, 37, 8, 45, 24, 33, 6, 83, 57, 53, 51, 42, 88]
Dlugosc cyklu:
10777
Lista wierzcholkow: 
[13, 63, 41, 1, 15, 49, 88, 42, 51, 83, 33, 24, 45, 8, 89, 11, 70, 26, 60, 34, 93, 56, 6, 57, 53, 87, 22, 21, 54, 76, 23, 17, 95, 18, 91, 44, 35, 40, 16, 77, 12, 62, 30, 47, 81, 32, 14, 5, 3, 82]
Dlugosc cyklu:
12181
Lista wierzcholkow: 
[69, 52, 38, 39, 9, 67, 20, 94, 28, 7, 98, 2, 10, 27, 90, 96, 75, 58, 31, 97, 11, 70, 26, 60, 34, 93, 56, 6, 83, 57, 33, 8, 24, 45, 0, 89, 85, 48, 37, 19, 79, 29, 74, 68, 25, 99, 55, 61, 4, 66]
Dlugosc cyklu:
10650
Lista wierzcholkow: 
[18, 95, 23, 76, 54, 21, 22, 87, 53, 57, 6, 56, 93, 34, 60, 26, 70, 11, 89, 8, 45, 24, 33, 83, 51, 42, 88, 49, 15, 13, 63, 32, 82, 3, 5, 14, 81, 41, 1, 47, 30, 62, 12, 77, 17, 44, 16, 40, 35, 91]
Dlugosc cyklu:
13105
Lista wierzcholkow: 
[81, 14, 5, 3, 82, 32, 63, 13, 41, 1, 15, 49, 88, 42, 51, 83, 33, 24, 45, 8, 11, 70, 26, 60, 34, 93, 56, 6, 57, 53, 87, 22, 21, 54, 76, 23, 17, 95, 18, 91, 44, 35, 40, 16, 77, 12, 62, 30, 50, 47]
Dlugosc cyklu:
12914
Lista wierzcholkow: 
[33, 57, 53, 51, 83, 6, 56, 93, 34, 60, 26, 70, 11, 97, 31, 58, 75, 96, 90, 27, 92, 10, 2, 98, 7, 28, 94, 0, 89, 20, 9, 67, 85, 48, 68, 61, 25, 99, 55, 80, 78, 64, 29, 74, 79, 19, 37, 8, 45, 24]
Dlugosc cyklu:
10346
Lista wierzcholkow: 
[16, 40, 35, 44, 91, 18, 95, 17, 23, 76, 54, 21, 22, 87, 53, 57, 6, 56, 93, 34, 60, 26, 70, 11, 89, 8, 45, 24, 33, 83, 51, 42, 88, 49, 15, 13, 63, 32, 82, 3, 5, 14, 81, 41, 1, 47, 30, 62, 12, 77]
Dlugosc cyklu:
12727
Lista wierzcholkow: 
[93, 34, 60, 26, 70, 11, 97, 31, 58, 75, 96, 90, 27, 92, 10, 2, 98, 7, 28, 94, 0, 89, 20, 9, 67, 85, 48, 68, 61, 25, 99, 55, 80, 78, 64, 29, 74, 79, 19, 37, 8, 45, 24, 33, 57, 53, 51, 83, 6, 56]
Dlugosc cyklu:
10346
Lista wierzcholkow: 
[47, 30, 62, 12, 77, 16, 40, 35, 44, 91, 18, 95, 17, 23, 76, 54, 21, 22, 87, 53, 57, 6, 56, 93, 34, 60, 26, 70, 11, 89, 8, 45, 24, 33, 83, 51, 42, 88, 49, 15, 13, 63, 32, 82, 3, 5, 14, 81, 41, 1]
Dlugosc cyklu:
12727
Lista wierzcholkow: 
[46, 36, 71, 37, 19, 79, 85, 48, 89, 0, 45, 24, 8, 33, 57, 83, 6, 56, 93, 34, 60, 26, 70, 11, 97, 31, 58, 75, 96, 90, 27, 10, 2, 98, 7, 28, 94, 20, 9, 67, 68, 61, 25, 99, 55, 29, 74, 64, 78, 80]
Dlugosc cyklu:
11316
Lista wierzcholkow: 
[20, 94, 28, 7, 98, 2, 10, 92, 27, 90, 96, 75, 58, 31, 97, 11, 70, 34, 60, 93, 56, 6, 83, 51, 57, 33, 26, 0, 89, 45, 8, 24, 37, 19, 79, 74, 29, 64, 46, 78, 80, 55, 99, 25, 61, 68, 85, 48, 67, 9]
Dlugosc cyklu:
11252
Lista wierzcholkow: 
[35, 40, 16, 44, 17, 77, 12, 62, 30, 47, 1, 41, 81, 14, 5, 3, 82, 32, 63, 13, 15, 49, 88, 42, 51, 83, 33, 24, 45, 8, 11, 70, 26, 60, 34, 93, 56, 6, 57, 53, 87, 22, 21, 54, 76, 23, 95, 18, 43, 91]
Dlugosc cyklu:
13396
Lista wierzcholkow: 
[95, 18, 91, 43, 40, 16, 30, 47, 62, 12, 1, 41, 81, 14, 5, 3, 82, 32, 63, 13, 86, 65, 73, 59, 88, 42, 51, 83, 33, 8, 26, 60, 34, 93, 56, 6, 57, 53, 87, 22, 21, 54, 49, 15, 77, 76, 23, 17, 44, 35]
Dlugosc cyklu:
13926
Lista wierzcholkow: 
[55, 61, 4, 68, 29, 67, 9, 20, 94, 28, 7, 98, 2, 84, 72, 10, 92, 27, 90, 96, 75, 58, 31, 97, 11, 70, 26, 60, 34, 93, 56, 6, 83, 51, 53, 57, 33, 8, 24, 45, 0, 89, 48, 85, 37, 19, 79, 74, 25, 99]
Dlugosc cyklu:
11600
Lista wierzcholkow: 
[99, 55, 61, 4, 68, 29, 67, 9, 20, 94, 28, 7, 98, 2, 84, 72, 10, 92, 27, 90, 96, 75, 58, 31, 97, 11, 70, 26, 60, 34, 93, 56, 6, 83, 51, 53, 57, 33, 8, 24, 45, 0, 89, 48, 85, 37, 19, 79, 74, 25]
Dlugosc cyklu:
11600
Lista wierzcholkow: 
[99, 55, 61, 4, 68, 29, 67, 9, 20, 94, 28, 7, 98, 2, 84, 72, 10, 92, 27, 90, 96, 75, 58, 31, 97, 11, 70, 26, 60, 34, 93, 56, 6, 83, 51, 53, 57, 33, 8, 24, 45, 0, 89, 48, 85, 37, 19, 79, 74, 25]
Dlugosc cyklu:
11600
Lista wierzcholkow: 
[37, 85, 48, 89, 0, 45, 24, 8, 33, 57, 51, 83, 6, 56, 93, 34, 60, 26, 70, 11, 97, 31, 58, 75, 96, 90, 27, 92, 10, 2, 98, 7, 28, 94, 20, 9, 67, 68, 61, 25, 99, 55, 80, 78, 46, 64, 29, 74, 79, 19]
Dlugosc cyklu:
10937
Lista wierzcholkow: 
[81, 47, 30, 62, 12, 77, 16, 40, 35, 44, 91, 18, 95, 17, 23, 76, 54, 21, 22, 87, 53, 57, 6, 56, 93, 34, 60, 26, 70, 11, 89, 8, 45, 24, 33, 83, 51, 42, 88, 49, 15, 1, 41, 63, 13, 82, 3, 5, 14, 32]
Dlugosc cyklu:
12181
Lista wierzcholkow: 
[57, 6, 56, 93, 34, 60, 26, 70, 11, 97, 31, 58, 75, 96, 90, 27, 92, 10, 2, 98, 7, 28, 94, 0, 89, 20, 9, 67, 85, 48, 68, 61, 25, 99, 55, 80, 78, 64, 29, 74, 79, 19, 37, 8, 45, 24, 33, 83, 51, 53]
Dlugosc cyklu:
10367
Lista wierzcholkow: 
[31, 58, 75, 96, 90, 27, 92, 10, 72, 84, 2, 98, 7, 28, 94, 0, 20, 89, 45, 24, 8, 33, 57, 53, 51, 42, 88, 86, 82, 13, 63, 41, 81, 32, 14, 5, 3, 65, 59, 73, 83, 6, 56, 93, 34, 60, 26, 70, 11, 97]
Dlugosc cyklu:
12007
Lista wierzcholkow: 
[2, 84, 72, 10, 92, 27, 90, 96, 75, 58, 31, 97, 11, 70, 26, 60, 34, 93, 56, 6, 83, 73, 59, 65, 3, 5, 14, 32, 81, 41, 63, 13, 82, 86, 88, 42, 51, 53, 57, 33, 8, 24, 45, 89, 20, 0, 94, 28, 7, 98]
Dlugosc cyklu:
12007
Lista wierzcholkow: 
[34, 93, 56, 6, 83, 51, 53, 57, 33, 24, 45, 8, 37, 19, 79, 74, 29, 64, 78, 80, 55, 99, 25, 61, 68, 48, 85, 67, 9, 20, 89, 0, 94, 28, 7, 98, 2, 10, 92, 27, 90, 96, 75, 58, 31, 97, 11, 70, 26, 60]
Dlugosc cyklu:
10346
Lista wierzcholkow: 
[17, 23, 76, 77, 15, 49, 54, 21, 22, 87, 53, 57, 6, 56, 93, 34, 60, 26, 8, 33, 83, 51, 42, 88, 59, 73, 65, 86, 13, 63, 32, 82, 3, 5, 14, 81, 41, 1, 12, 62, 47, 30, 16, 40, 43, 91, 18, 95, 35, 44]
Dlugosc cyklu:
13926
Lista wierzcholkow: 
[7, 28, 94, 0, 20, 89, 45, 24, 8, 33, 57, 53, 51, 42, 88, 86, 82, 13, 63, 41, 81, 32, 14, 5, 3, 65, 59, 73, 83, 6, 56, 93, 34, 60, 26, 70, 11, 97, 31, 58, 75, 96, 90, 27, 92, 10, 72, 84, 2, 98]
Dlugosc cyklu:
12007
Lista wierzcholkow: 
[59, 93, 56, 34, 60, 26, 70, 11, 97, 31, 58, 75, 96, 90, 27, 92, 10, 2, 98, 7, 28, 94, 0, 89, 20, 9, 67, 85, 48, 68, 25, 29, 74, 79, 19, 37, 8, 45, 24, 33, 6, 83, 57, 53, 51, 42, 88, 86, 65, 73]
Dlugosc cyklu:
10777
Lista wierzcholkow: 
[79, 74, 29, 64, 46, 78, 80, 55, 99, 25, 61, 68, 67, 9, 20, 94, 28, 7, 98, 2, 10, 92, 27, 90, 96, 75, 58, 31, 97, 11, 70, 26, 60, 34, 93, 56, 6, 83, 51, 57, 33, 8, 24, 45, 0, 89, 48, 85, 37, 19]
Dlugosc cyklu:
10937
Lista wierzcholkow: 
[45, 24, 8, 33, 57, 53, 51, 42, 88, 86, 82, 13, 63, 41, 81, 32, 14, 5, 3, 65, 59, 73, 83, 6, 56, 93, 34, 60, 26, 70, 11, 97, 31, 58, 75, 96, 90, 27, 92, 10, 72, 84, 2, 98, 7, 28, 94, 20, 89, 0]
Dlugosc cyklu:
12238
Lista wierzcholkow: 
[25, 74, 79, 19, 37, 85, 48, 89, 0, 45, 24, 8, 33, 57, 53, 51, 83, 6, 56, 93, 34, 60, 26, 70, 11, 97, 31, 58, 75, 96, 90, 27, 92, 10, 72, 84, 2, 98, 7, 28, 94, 20, 9, 67, 29, 68, 4, 61, 55, 99]
Dlugosc cyklu:
11600
Lista wierzcholkow: 
[81, 14, 5, 3, 82, 32, 63, 13, 41, 1, 15, 49, 88, 42, 51, 83, 33, 24, 45, 8, 89, 11, 70, 26, 60, 34, 93, 56, 6, 57, 53, 87, 22, 21, 54, 76, 23, 17, 95, 18, 91, 44, 35, 40, 16, 77, 12, 62, 30, 47]
Dlugosc cyklu:
12391
Lista wierzcholkow: 
[37, 19, 79, 85, 48, 89, 0, 45, 24, 8, 33, 57, 83, 6, 56, 93, 34, 60, 26, 70, 11, 97, 31, 58, 75, 96, 90, 27, 10, 2, 98, 7, 28, 94, 20, 9, 67, 29, 74, 68, 61, 25, 99, 55, 46, 80, 78, 64, 36, 71]
Dlugosc cyklu:
11191
Lista wierzcholkow: 
[69, 52, 39, 9, 67, 20, 94, 28, 7, 98, 2, 10, 27, 90, 96, 75, 58, 31, 97, 11, 70, 26, 60, 34, 93, 56, 6, 83, 57, 33, 8, 24, 45, 0, 89, 85, 48, 37, 19, 79, 29, 74, 68, 25, 99, 55, 61, 4, 66, 38]
Dlugosc cyklu:
10704
Lista wierzcholkow: 
[73, 65, 86, 88, 42, 51, 53, 57, 83, 6, 33, 24, 45, 8, 37, 19, 79, 74, 29, 25, 68, 48, 85, 67, 9, 20, 89, 0, 94, 28, 7, 98, 2, 10, 92, 27, 90, 96, 75, 58, 31, 97, 11, 70, 26, 60, 34, 56, 93, 59]
Dlugosc cyklu:
10777
Lista wierzcholkow: 
[61, 55, 99, 25, 68, 74, 29, 79, 19, 37, 48, 85, 89, 0, 45, 24, 8, 33, 57, 83, 6, 56, 93, 34, 60, 26, 70, 11, 97, 31, 58, 75, 96, 90, 27, 10, 2, 98, 7, 28, 94, 20, 67, 9, 39, 38, 52, 69, 66, 4]
Dlugosc cyklu:
10650
Lista wierzcholkow: 
[61, 4, 68, 29, 67, 9, 20, 94, 28, 7, 98, 2, 84, 72, 10, 92, 27, 90, 96, 75, 58, 31, 97, 11, 70, 26, 60, 34, 93, 56, 6, 83, 51, 53, 57, 33, 8, 24, 45, 0, 89, 48, 85, 37, 19, 79, 74, 25, 99, 55]
Dlugosc cyklu:
11600
Lista wierzcholkow: 
[64, 46, 78, 80, 55, 99, 25, 61, 68, 67, 9, 20, 94, 28, 7, 98, 2, 10, 92, 27, 90, 96, 75, 58, 31, 97, 11, 70, 26, 60, 34, 93, 56, 6, 83, 51, 57, 33, 8, 24, 45, 0, 89, 48, 85, 37, 19, 79, 74, 29]
Dlugosc cyklu:
10937
Lista wierzcholkow: 
[5, 14, 32, 81, 47, 30, 62, 12, 77, 16, 40, 35, 44, 91, 18, 95, 17, 23, 76, 54, 21, 22, 87, 53, 57, 6, 56, 93, 34, 60, 26, 70, 11, 89, 8, 45, 24, 33, 83, 51, 42, 88, 49, 15, 1, 41, 63, 13, 82, 3]
Dlugosc cyklu:
12181
Lista wierzcholkow: 
[80, 46, 36, 71, 37, 19, 79, 85, 48, 89, 0, 45, 24, 8, 33, 57, 83, 6, 56, 93, 34, 60, 26, 70, 11, 97, 31, 58, 75, 96, 90, 27, 10, 2, 98, 7, 28, 94, 20, 9, 67, 68, 61, 25, 99, 55, 29, 74, 64, 78]
Dlugosc cyklu:
11316
