First vertex:  20
Lista wierzcholkow: 
[20, 94, 31, 7, 96, 27, 92, 72, 52, 69, 39, 66, 4, 61, 99, 80, 46, 64, 79, 71, 33, 56, 6, 51, 53, 22, 54, 49, 76, 23, 95, 18, 43, 40, 16, 77, 12, 1, 41, 81, 32, 5, 3, 86, 65, 34, 26, 70, 11, 89]
Dlugosc cyklu:
15673
First vertex:  11
Lista wierzcholkow: 
[11, 8, 26, 60, 56, 73, 65, 3, 5, 14, 32, 63, 81, 50, 30, 62, 12, 77, 16, 18, 23, 76, 49, 88, 51, 53, 22, 46, 80, 64, 71, 79, 48, 68, 99, 61, 4, 66, 39, 69, 52, 9, 84, 10, 90, 96, 75, 58, 31, 97]
Dlugosc cyklu:
16823
First vertex:  46
Lista wierzcholkow: 
[46, 21, 53, 51, 88, 49, 76, 23, 95, 35, 16, 77, 12, 62, 47, 50, 81, 41, 63, 32, 14, 5, 3, 65, 73, 93, 33, 24, 70, 11, 97, 31, 58, 75, 96, 90, 2, 92, 72, 52, 38, 66, 4, 61, 99, 68, 67, 48, 79, 78]
Dlugosc cyklu:
15686
First vertex:  29
Lista wierzcholkow: 
[29, 64, 36, 57, 51, 53, 22, 54, 49, 76, 23, 95, 18, 43, 40, 16, 77, 12, 62, 47, 50, 14, 5, 3, 82, 13, 88, 59, 65, 34, 26, 8, 11, 97, 31, 58, 75, 96, 90, 2, 92, 72, 9, 52, 69, 66, 4, 61, 99, 74]
Dlugosc cyklu:
16478
First vertex:  9
Lista wierzcholkow: 
[9, 84, 92, 2, 90, 96, 75, 58, 31, 97, 11, 8, 26, 34, 65, 86, 3, 5, 14, 81, 50, 47, 1, 77, 16, 40, 43, 18, 95, 17, 23, 76, 49, 54, 21, 53, 51, 6, 71, 19, 64, 46, 80, 99, 61, 4, 66, 69, 52, 67]
Dlugosc cyklu:
16582
First vertex:  53
Lista wierzcholkow: 
[53, 22, 46, 80, 64, 71, 79, 48, 68, 99, 61, 4, 66, 38, 52, 72, 92, 27, 96, 75, 58, 31, 97, 11, 70, 26, 33, 93, 73, 86, 3, 5, 32, 63, 81, 50, 47, 62, 12, 77, 16, 40, 43, 18, 95, 17, 76, 49, 42, 51]
Dlugosc cyklu:
15647
First vertex:  18
Lista wierzcholkow: 
[18, 23, 76, 49, 54, 22, 53, 71, 37, 48, 74, 64, 46, 80, 99, 61, 4, 66, 39, 69, 52, 72, 92, 2, 90, 96, 75, 58, 31, 94, 89, 11, 70, 34, 56, 73, 86, 3, 5, 14, 63, 81, 50, 30, 62, 12, 77, 16, 40, 91]
Dlugosc cyklu:
15960
First vertex:  10
Lista wierzcholkow: 
[10, 2, 90, 96, 75, 58, 31, 0, 70, 26, 34, 65, 86, 3, 5, 32, 81, 50, 30, 62, 12, 77, 16, 40, 43, 18, 95, 23, 76, 49, 54, 22, 53, 51, 6, 33, 71, 79, 64, 46, 80, 99, 61, 4, 66, 69, 52, 9, 72, 92]
Dlugosc cyklu:
16515
First vertex:  16
Lista wierzcholkow: 
[16, 77, 12, 62, 30, 50, 81, 63, 32, 14, 5, 3, 86, 65, 34, 26, 8, 20, 0, 11, 97, 31, 58, 75, 96, 27, 92, 72, 52, 38, 66, 4, 61, 99, 80, 46, 64, 74, 19, 71, 6, 51, 53, 21, 54, 49, 76, 23, 17, 44]
Dlugosc cyklu:
15643
First vertex:  6
Lista wierzcholkow: 
[6, 51, 42, 49, 54, 23, 17, 95, 18, 43, 40, 16, 77, 12, 1, 41, 81, 32, 14, 5, 3, 86, 65, 93, 60, 26, 8, 20, 0, 11, 97, 31, 58, 75, 96, 27, 2, 92, 72, 52, 38, 66, 4, 61, 99, 74, 78, 64, 36, 83]
Dlugosc cyklu:
14392
First vertex:  2
Lista wierzcholkow: 
[2, 90, 96, 28, 31, 97, 11, 70, 34, 56, 73, 65, 86, 88, 13, 82, 3, 5, 14, 50, 47, 62, 12, 77, 16, 40, 43, 18, 95, 17, 23, 54, 87, 53, 71, 37, 48, 74, 64, 46, 80, 99, 61, 4, 66, 39, 69, 52, 72, 10]
Dlugosc cyklu:
16106
First vertex:  92
Lista wierzcholkow: 
[92, 72, 9, 52, 69, 66, 4, 61, 99, 80, 46, 64, 79, 71, 33, 6, 51, 53, 22, 54, 49, 76, 23, 95, 18, 43, 40, 16, 77, 12, 62, 30, 50, 81, 32, 5, 3, 86, 65, 34, 26, 70, 0, 31, 58, 75, 96, 90, 2, 10]
Dlugosc cyklu:
16515
First vertex:  15
Lista wierzcholkow: 
[15, 76, 49, 54, 21, 53, 51, 6, 56, 33, 71, 19, 64, 46, 80, 99, 61, 4, 66, 39, 69, 52, 9, 72, 92, 2, 90, 96, 75, 58, 31, 94, 89, 11, 70, 26, 34, 65, 86, 3, 5, 14, 32, 63, 81, 50, 30, 62, 12, 1]
Dlugosc cyklu:
16058
First vertex:  93
Lista wierzcholkow: 
[93, 34, 26, 8, 11, 97, 31, 58, 75, 96, 27, 92, 84, 9, 52, 69, 39, 66, 4, 61, 99, 80, 46, 64, 19, 36, 22, 54, 23, 17, 95, 18, 43, 40, 16, 77, 12, 62, 30, 50, 81, 14, 5, 82, 86, 88, 42, 51, 6, 56]
Dlugosc cyklu:
16036
First vertex:  44
Lista wierzcholkow: 
[44, 77, 15, 41, 62, 47, 50, 14, 5, 3, 86, 65, 34, 26, 8, 20, 0, 11, 97, 31, 58, 75, 96, 90, 10, 72, 52, 69, 39, 66, 4, 61, 99, 80, 46, 64, 74, 19, 71, 6, 51, 53, 22, 54, 49, 76, 23, 17, 43, 35]
Dlugosc cyklu:
17002
First vertex:  62
Lista wierzcholkow: 
[62, 12, 77, 16, 40, 43, 18, 95, 23, 76, 49, 54, 22, 53, 51, 57, 71, 19, 64, 46, 80, 99, 61, 4, 66, 39, 69, 52, 72, 10, 90, 96, 75, 58, 31, 97, 11, 0, 20, 8, 26, 34, 65, 86, 3, 5, 14, 81, 50, 30]
Dlugosc cyklu:
16269
First vertex:  39
Lista wierzcholkow: 
[39, 66, 4, 61, 99, 80, 46, 64, 19, 71, 6, 51, 53, 22, 54, 49, 76, 23, 17, 95, 43, 16, 77, 12, 62, 50, 41, 13, 32, 14, 5, 3, 86, 65, 34, 26, 8, 20, 0, 11, 97, 31, 58, 75, 96, 27, 92, 72, 52, 38]
Dlugosc cyklu:
16858
First vertex:  33
Lista wierzcholkow: 
[33, 45, 37, 29, 48, 67, 20, 89, 11, 97, 31, 58, 98, 27, 92, 72, 52, 69, 39, 66, 4, 61, 99, 80, 46, 64, 36, 53, 22, 54, 49, 76, 23, 95, 18, 43, 40, 16, 77, 12, 62, 47, 50, 81, 14, 5, 82, 86, 73, 56]
Dlugosc cyklu:
15986
First vertex:  87
Lista wierzcholkow: 
[87, 36, 37, 64, 46, 80, 99, 61, 4, 66, 69, 52, 9, 72, 92, 2, 90, 96, 75, 58, 31, 94, 89, 11, 70, 34, 93, 33, 83, 51, 42, 88, 86, 65, 3, 5, 14, 81, 50, 30, 62, 12, 77, 16, 40, 18, 17, 23, 54, 21]
Dlugosc cyklu:
16387
First vertex:  83
Lista wierzcholkow: 
[83, 36, 64, 78, 74, 99, 61, 4, 66, 38, 52, 72, 92, 2, 27, 96, 75, 58, 31, 97, 11, 0, 20, 8, 26, 60, 93, 65, 86, 3, 5, 14, 32, 81, 41, 1, 12, 77, 16, 40, 43, 18, 95, 17, 23, 54, 49, 42, 51, 6]
Dlugosc cyklu:
14392
First vertex:  59
Lista wierzcholkow: 
[59, 88, 3, 5, 14, 63, 81, 50, 30, 62, 12, 77, 16, 35, 17, 23, 76, 49, 54, 22, 53, 71, 37, 48, 74, 64, 46, 80, 99, 61, 4, 66, 39, 69, 52, 72, 92, 2, 27, 96, 75, 58, 31, 94, 89, 11, 70, 34, 56, 73]
Dlugosc cyklu:
15888
First vertex:  37
Lista wierzcholkow: 
[37, 64, 36, 33, 6, 51, 53, 87, 54, 49, 76, 23, 17, 95, 18, 43, 40, 16, 77, 12, 62, 47, 50, 81, 63, 14, 5, 3, 86, 65, 34, 26, 70, 11, 94, 31, 58, 98, 27, 10, 84, 9, 52, 69, 66, 4, 61, 99, 74, 19]
Dlugosc cyklu:
16305
First vertex:  94
Lista wierzcholkow: 
[94, 31, 58, 75, 96, 27, 92, 72, 9, 52, 69, 39, 66, 4, 61, 99, 80, 46, 64, 19, 71, 33, 83, 51, 53, 22, 54, 49, 76, 17, 43, 16, 77, 12, 62, 30, 50, 81, 63, 32, 14, 5, 3, 65, 73, 93, 60, 70, 11, 0]
Dlugosc cyklu:
16744
First vertex:  43
Lista wierzcholkow: 
[43, 40, 16, 77, 12, 62, 30, 50, 81, 14, 5, 3, 86, 73, 56, 34, 70, 11, 89, 94, 31, 58, 75, 96, 90, 2, 92, 72, 52, 69, 39, 66, 4, 61, 99, 80, 46, 64, 74, 48, 37, 71, 53, 22, 54, 49, 76, 23, 95, 91]
Dlugosc cyklu:
16092
First vertex:  95
Lista wierzcholkow: 
[95, 23, 76, 49, 54, 22, 53, 71, 37, 48, 74, 64, 46, 80, 99, 61, 4, 66, 39, 69, 52, 72, 92, 2, 90, 96, 75, 58, 31, 94, 89, 11, 70, 34, 56, 73, 86, 3, 5, 14, 81, 50, 47, 62, 12, 77, 16, 40, 43, 91]
Dlugosc cyklu:
16069
First vertex:  52
Lista wierzcholkow: 
[52, 9, 72, 92, 27, 98, 58, 31, 97, 11, 8, 26, 34, 65, 86, 3, 5, 14, 32, 63, 81, 50, 30, 62, 12, 77, 16, 40, 43, 18, 95, 23, 76, 49, 54, 22, 53, 51, 6, 71, 19, 64, 46, 80, 99, 61, 4, 66, 39, 69]
Dlugosc cyklu:
16674
First vertex:  68
Lista wierzcholkow: 
[68, 61, 4, 66, 69, 52, 9, 84, 10, 90, 96, 75, 58, 31, 94, 89, 11, 70, 26, 34, 65, 86, 3, 5, 14, 81, 50, 47, 62, 12, 77, 43, 17, 23, 76, 49, 54, 87, 53, 51, 6, 56, 33, 71, 19, 64, 46, 80, 99, 25]
Dlugosc cyklu:
16973
First vertex:  89
Lista wierzcholkow: 
[89, 45, 70, 34, 93, 65, 86, 3, 5, 14, 32, 63, 81, 50, 47, 62, 12, 77, 16, 18, 23, 76, 49, 54, 22, 53, 51, 6, 33, 36, 64, 78, 74, 99, 61, 4, 66, 39, 69, 52, 9, 72, 92, 2, 90, 96, 28, 31, 97, 0]
Dlugosc cyklu:
16566
First vertex:  38
Lista wierzcholkow: 
[38, 39, 66, 4, 61, 99, 80, 46, 64, 19, 71, 57, 51, 53, 22, 54, 49, 76, 23, 95, 35, 16, 77, 12, 62, 30, 50, 81, 14, 5, 3, 86, 65, 34, 26, 8, 70, 11, 97, 31, 58, 75, 96, 90, 2, 92, 72, 9, 52, 69]
Dlugosc cyklu:
15830
First vertex:  99
Lista wierzcholkow: 
[99, 61, 4, 66, 38, 52, 72, 92, 27, 98, 58, 31, 97, 11, 0, 20, 8, 26, 34, 65, 86, 3, 5, 14, 81, 50, 30, 62, 12, 77, 16, 40, 43, 18, 95, 17, 23, 76, 49, 54, 22, 53, 51, 6, 36, 79, 64, 46, 80, 55]
Dlugosc cyklu:
16282
First vertex:  90
Lista wierzcholkow: 
[90, 96, 75, 58, 31, 94, 89, 11, 70, 26, 34, 65, 86, 3, 5, 14, 81, 50, 30, 62, 12, 77, 16, 35, 17, 23, 76, 49, 54, 22, 53, 51, 57, 71, 19, 74, 64, 46, 80, 99, 61, 4, 66, 39, 69, 52, 9, 84, 10, 27]
Dlugosc cyklu:
15842
First vertex:  14
Lista wierzcholkow: 
[14, 5, 3, 86, 65, 34, 26, 70, 11, 94, 31, 58, 75, 96, 90, 10, 72, 52, 69, 39, 66, 4, 61, 99, 80, 46, 64, 19, 71, 33, 56, 6, 51, 53, 87, 54, 49, 76, 23, 17, 91, 16, 77, 12, 62, 47, 50, 81, 63, 32]
Dlugosc cyklu:
15807
First vertex:  65
Lista wierzcholkow: 
[65, 3, 5, 14, 32, 63, 81, 50, 47, 62, 12, 77, 16, 40, 43, 18, 23, 76, 49, 54, 87, 53, 71, 37, 48, 74, 64, 46, 80, 99, 61, 4, 66, 38, 52, 72, 92, 2, 90, 96, 75, 58, 31, 97, 11, 70, 26, 33, 56, 73]
Dlugosc cyklu:
15533
First vertex:  40
Lista wierzcholkow: 
[40, 43, 18, 95, 23, 76, 49, 54, 22, 53, 71, 37, 48, 74, 64, 46, 80, 99, 61, 4, 66, 39, 69, 52, 72, 92, 2, 90, 96, 75, 58, 31, 94, 89, 11, 70, 34, 56, 73, 86, 3, 5, 14, 32, 63, 41, 47, 12, 77, 16]
Dlugosc cyklu:
15728
First vertex:  8
Lista wierzcholkow: 
[8, 70, 11, 97, 31, 58, 75, 96, 90, 10, 84, 9, 52, 69, 39, 66, 4, 61, 99, 80, 46, 64, 19, 36, 53, 21, 54, 49, 76, 23, 17, 95, 18, 43, 40, 16, 77, 12, 62, 47, 50, 81, 14, 5, 3, 86, 73, 56, 33, 24]
Dlugosc cyklu:
15418
First vertex:  47
Lista wierzcholkow: 
[47, 81, 63, 32, 14, 5, 3, 86, 65, 34, 26, 70, 11, 89, 94, 31, 58, 75, 96, 90, 2, 92, 72, 9, 52, 69, 66, 4, 61, 99, 80, 46, 64, 19, 71, 33, 56, 6, 51, 53, 22, 54, 49, 15, 17, 43, 77, 12, 62, 30]
Dlugosc cyklu:
16897
First vertex:  97
Lista wierzcholkow: 
[97, 31, 58, 75, 96, 90, 10, 84, 9, 52, 69, 39, 66, 4, 61, 99, 68, 48, 79, 71, 64, 80, 46, 22, 53, 51, 88, 49, 76, 23, 18, 16, 77, 12, 62, 30, 50, 81, 63, 32, 14, 5, 3, 65, 73, 56, 60, 26, 8, 11]
Dlugosc cyklu:
16823
First vertex:  73
Lista wierzcholkow: 
[73, 56, 34, 70, 11, 89, 94, 31, 58, 75, 96, 27, 92, 72, 52, 69, 39, 66, 4, 61, 99, 80, 46, 64, 74, 48, 37, 71, 53, 22, 54, 49, 76, 23, 17, 35, 16, 77, 12, 62, 30, 50, 81, 63, 32, 14, 5, 3, 88, 59]
Dlugosc cyklu:
15692
First vertex:  66
Lista wierzcholkow: 
[66, 38, 52, 84, 92, 2, 90, 96, 75, 58, 31, 97, 11, 0, 20, 8, 26, 34, 65, 59, 88, 3, 5, 14, 32, 63, 81, 50, 30, 62, 12, 77, 16, 35, 17, 23, 76, 49, 54, 22, 53, 51, 57, 36, 64, 79, 74, 99, 61, 4]
Dlugosc cyklu:
15659
First vertex:  48
Lista wierzcholkow: 
[48, 68, 99, 61, 4, 66, 39, 69, 52, 84, 10, 90, 96, 75, 58, 31, 97, 11, 8, 26, 34, 65, 86, 3, 5, 14, 63, 81, 50, 47, 62, 12, 77, 16, 40, 43, 18, 95, 23, 76, 49, 54, 22, 53, 51, 6, 36, 64, 19, 85]
Dlugosc cyklu:
15905
First vertex:  67
Lista wierzcholkow: 
[67, 52, 69, 66, 4, 61, 99, 80, 46, 64, 19, 71, 6, 51, 53, 21, 54, 49, 76, 23, 17, 95, 18, 43, 40, 16, 77, 1, 47, 50, 81, 14, 5, 3, 86, 65, 34, 26, 8, 11, 97, 31, 58, 75, 96, 90, 2, 92, 84, 9]
Dlugosc cyklu:
16582
First vertex:  34
Lista wierzcholkow: 
[34, 70, 11, 89, 94, 31, 58, 75, 96, 27, 92, 72, 52, 38, 66, 4, 61, 99, 80, 46, 64, 37, 36, 53, 22, 54, 49, 76, 23, 18, 43, 40, 16, 77, 12, 62, 47, 50, 81, 63, 32, 14, 5, 3, 65, 59, 83, 33, 93, 60]
Dlugosc cyklu:
16391
First vertex:  7
Lista wierzcholkow: 
[7, 27, 92, 72, 52, 38, 66, 4, 61, 99, 80, 46, 64, 19, 71, 57, 51, 53, 22, 54, 49, 76, 23, 95, 35, 16, 77, 12, 62, 30, 50, 81, 63, 32, 14, 5, 3, 86, 65, 34, 26, 8, 20, 0, 11, 97, 31, 58, 75, 98]
Dlugosc cyklu:
15636
First vertex:  22
Lista wierzcholkow: 
[22, 53, 51, 57, 71, 19, 64, 46, 80, 99, 61, 4, 66, 39, 69, 52, 72, 10, 90, 96, 75, 58, 31, 97, 11, 8, 26, 34, 65, 59, 88, 82, 5, 14, 81, 50, 47, 62, 12, 77, 16, 40, 43, 18, 95, 23, 76, 49, 54, 21]
Dlugosc cyklu:
16163
First vertex:  56
Lista wierzcholkow: 
[56, 6, 51, 42, 88, 86, 82, 5, 14, 81, 50, 30, 62, 12, 77, 16, 40, 43, 18, 95, 17, 23, 54, 22, 36, 19, 64, 46, 80, 99, 61, 4, 66, 39, 69, 52, 9, 84, 92, 27, 96, 75, 58, 31, 97, 11, 8, 26, 34, 93]
Dlugosc cyklu:
16036
First vertex:  41
Lista wierzcholkow: 
[41, 81, 32, 14, 5, 3, 86, 65, 34, 26, 70, 11, 97, 31, 58, 98, 90, 2, 92, 72, 52, 38, 39, 66, 4, 61, 99, 80, 46, 64, 74, 48, 19, 71, 33, 56, 6, 51, 53, 87, 54, 49, 76, 23, 17, 44, 16, 77, 12, 1]
Dlugosc cyklu:
14670
First vertex:  32
Lista wierzcholkow: 
[32, 63, 81, 50, 47, 62, 12, 77, 16, 91, 17, 23, 76, 49, 54, 87, 53, 51, 6, 56, 33, 71, 19, 64, 46, 80, 99, 61, 4, 66, 39, 69, 52, 72, 10, 90, 96, 75, 58, 31, 94, 11, 70, 26, 34, 65, 86, 3, 5, 14]
Dlugosc cyklu:
15807
First vertex:  55
Lista wierzcholkow: 
[55, 80, 46, 64, 79, 36, 6, 51, 53, 22, 54, 49, 76, 23, 17, 95, 18, 43, 40, 16, 77, 12, 62, 30, 50, 81, 14, 5, 3, 86, 65, 34, 26, 8, 20, 0, 11, 97, 31, 58, 98, 27, 92, 72, 52, 38, 66, 4, 61, 99]
Dlugosc cyklu:
16282
First vertex:  31
Lista wierzcholkow: 
[31, 97, 11, 8, 26, 34, 65, 86, 3, 5, 32, 63, 81, 50, 30, 62, 12, 77, 16, 40, 43, 18, 95, 23, 76, 49, 54, 22, 53, 51, 6, 71, 19, 64, 46, 80, 99, 61, 4, 66, 69, 52, 9, 72, 92, 2, 90, 96, 75, 58]
Dlugosc cyklu:
16479
First vertex:  23
Lista wierzcholkow: 
[23, 76, 49, 54, 87, 53, 51, 6, 56, 33, 71, 19, 64, 46, 80, 99, 61, 4, 66, 39, 69, 52, 72, 10, 90, 96, 75, 58, 31, 94, 89, 11, 70, 26, 34, 65, 86, 3, 5, 14, 81, 50, 30, 62, 12, 77, 16, 40, 18, 17]
Dlugosc cyklu:
16024
