Lista wierzcholkow: 
[7, 91, 0, 66, 57, 27, 92, 22, 97, 90, 44, 31, 14, 16, 10, 46, 62, 5, 48, 89, 74, 18, 52, 78, 9, 83, 71, 20, 73, 58, 35, 98, 37, 23, 17, 87, 15, 93, 21, 69, 65, 25, 64, 3, 96, 55, 79, 30, 88, 41]
Dlugosc cyklu:
12116
Lista wierzcholkow: 
[42, 2, 40, 70, 99, 47, 13, 28, 33, 82, 54, 8, 6, 86, 24, 80, 67, 84, 29, 51, 77, 95, 4, 36, 38, 49, 43, 72, 1, 63, 53, 39, 68, 66, 27, 92, 57, 60, 50, 56, 11, 19, 76, 22, 59, 61, 85, 34, 26, 45]
Dlugosc cyklu:
13171
Lista wierzcholkow: 
[36, 4, 95, 77, 51, 47, 99, 40, 70, 13, 2, 42, 45, 26, 34, 85, 61, 59, 22, 76, 19, 11, 56, 50, 60, 57, 92, 27, 66, 68, 39, 53, 63, 1, 72, 43, 49, 84, 67, 80, 24, 86, 6, 8, 54, 82, 33, 28, 29, 38]
Dlugosc cyklu:
12809
Lista wierzcholkow: 
[46, 97, 22, 90, 44, 31, 10, 14, 16, 20, 73, 58, 71, 9, 83, 35, 98, 37, 23, 17, 78, 87, 93, 21, 69, 15, 52, 18, 65, 25, 64, 3, 96, 55, 74, 89, 48, 5, 91, 7, 41, 79, 30, 88, 66, 57, 27, 92, 0, 62]
Dlugosc cyklu:
12314
Lista wierzcholkow: 
[46, 31, 10, 9, 83, 89, 62, 5, 48, 0, 91, 7, 41, 88, 30, 79, 74, 55, 96, 3, 64, 25, 65, 18, 52, 15, 69, 21, 93, 87, 78, 17, 23, 37, 98, 35, 71, 20, 73, 58, 16, 14, 44, 59, 61, 19, 76, 22, 97, 90]
Dlugosc cyklu:
13266
Lista wierzcholkow: 
[34, 26, 11, 54, 82, 33, 6, 8, 86, 24, 80, 67, 84, 29, 28, 45, 42, 2, 13, 70, 40, 99, 47, 51, 77, 95, 4, 36, 38, 49, 43, 72, 1, 63, 53, 39, 68, 66, 27, 92, 57, 60, 50, 56, 19, 76, 22, 59, 61, 85]
Dlugosc cyklu:
12482
Lista wierzcholkow: 
[56, 19, 76, 22, 59, 61, 85, 34, 26, 11, 54, 82, 33, 6, 8, 24, 80, 67, 84, 29, 28, 45, 42, 2, 13, 70, 40, 99, 47, 51, 77, 95, 4, 36, 38, 49, 43, 72, 1, 63, 53, 39, 68, 66, 27, 92, 57, 60, 50, 86]
Dlugosc cyklu:
12467
Lista wierzcholkow: 
[52, 78, 89, 48, 5, 62, 91, 7, 41, 79, 30, 88, 66, 57, 27, 92, 0, 46, 97, 22, 90, 44, 31, 10, 14, 16, 20, 73, 58, 71, 9, 83, 35, 98, 37, 23, 17, 87, 15, 93, 21, 69, 65, 25, 64, 3, 96, 55, 74, 18]
Dlugosc cyklu:
11968
Lista wierzcholkow: 
[97, 22, 76, 19, 61, 59, 44, 14, 16, 58, 73, 20, 71, 35, 98, 37, 23, 17, 78, 87, 93, 21, 69, 15, 52, 18, 65, 25, 64, 3, 96, 55, 74, 79, 30, 88, 41, 7, 91, 0, 48, 5, 62, 89, 83, 9, 10, 31, 46, 90]
Dlugosc cyklu:
13266
Lista wierzcholkow: 
[34, 85, 26, 11, 19, 6, 8, 56, 86, 50, 24, 80, 60, 57, 66, 27, 92, 0, 7, 91, 74, 96, 18, 52, 15, 69, 21, 93, 87, 17, 23, 37, 83, 78, 89, 48, 5, 62, 46, 10, 16, 14, 31, 44, 90, 97, 22, 76, 59, 61]
Dlugosc cyklu:
11095
Lista wierzcholkow: 
[8, 6, 33, 82, 54, 11, 26, 34, 85, 61, 59, 22, 76, 19, 56, 86, 50, 60, 57, 92, 27, 66, 68, 39, 53, 63, 1, 72, 43, 49, 38, 36, 4, 95, 77, 51, 47, 99, 40, 70, 13, 2, 42, 45, 28, 29, 84, 67, 80, 24]
Dlugosc cyklu:
12467
Lista wierzcholkow: 
[3, 64, 25, 65, 69, 21, 93, 15, 87, 17, 23, 37, 98, 35, 83, 9, 71, 58, 73, 20, 16, 14, 10, 31, 44, 90, 22, 97, 46, 0, 92, 27, 57, 66, 88, 30, 79, 41, 7, 91, 62, 5, 48, 89, 78, 52, 18, 74, 55, 96]
Dlugosc cyklu:
11968
Lista wierzcholkow: 
[4, 36, 38, 49, 43, 1, 53, 39, 63, 68, 66, 27, 92, 57, 60, 50, 86, 56, 19, 76, 97, 90, 46, 31, 10, 73, 16, 14, 44, 22, 59, 61, 85, 34, 26, 11, 54, 82, 33, 6, 8, 24, 80, 72, 67, 84, 29, 95, 77, 51]
Dlugosc cyklu:
12512
Lista wierzcholkow: 
[93, 21, 69, 15, 52, 78, 18, 65, 25, 64, 3, 96, 55, 74, 89, 48, 5, 62, 91, 7, 41, 79, 30, 88, 66, 57, 27, 92, 0, 46, 97, 22, 90, 44, 31, 10, 14, 16, 20, 73, 58, 71, 9, 83, 35, 98, 37, 23, 17, 87]
Dlugosc cyklu:
12456
Lista wierzcholkow: 
[37, 23, 17, 78, 87, 93, 21, 69, 15, 52, 18, 65, 25, 64, 3, 96, 55, 74, 79, 30, 88, 41, 7, 91, 0, 48, 5, 62, 89, 9, 83, 71, 20, 73, 46, 31, 90, 97, 22, 76, 19, 61, 59, 44, 10, 14, 16, 58, 98, 35]
Dlugosc cyklu:
13222
Lista wierzcholkow: 
[23, 17, 78, 87, 93, 21, 69, 15, 52, 18, 65, 25, 64, 3, 96, 55, 74, 79, 30, 88, 41, 7, 91, 0, 48, 5, 62, 89, 9, 83, 71, 20, 73, 46, 31, 90, 97, 22, 76, 19, 61, 59, 44, 10, 14, 16, 58, 35, 98, 37]
Dlugosc cyklu:
13076
Lista wierzcholkow: 
[80, 67, 84, 29, 28, 45, 42, 2, 13, 70, 40, 99, 47, 51, 77, 95, 4, 36, 38, 49, 43, 72, 1, 63, 53, 39, 68, 66, 27, 92, 57, 60, 50, 86, 56, 19, 76, 22, 59, 61, 85, 34, 26, 11, 54, 82, 33, 6, 8, 24]
Dlugosc cyklu:
12467
Lista wierzcholkow: 
[51, 77, 95, 29, 84, 67, 72, 80, 24, 8, 6, 33, 82, 54, 11, 26, 34, 85, 61, 59, 22, 44, 14, 16, 73, 10, 31, 46, 90, 97, 76, 19, 56, 86, 50, 60, 57, 92, 27, 66, 68, 63, 39, 53, 1, 43, 49, 38, 36, 4]
Dlugosc cyklu:
12512
Lista wierzcholkow: 
[98, 35, 58, 16, 14, 44, 59, 61, 19, 76, 22, 97, 90, 46, 31, 10, 73, 20, 71, 83, 9, 89, 62, 5, 48, 0, 91, 7, 41, 88, 30, 79, 74, 55, 96, 3, 64, 25, 65, 18, 52, 15, 69, 21, 93, 87, 78, 17, 23, 37]
Dlugosc cyklu:
13055
Lista wierzcholkow: 
[76, 22, 97, 90, 44, 31, 14, 16, 10, 46, 62, 20, 73, 58, 71, 9, 83, 35, 37, 23, 17, 78, 87, 52, 18, 89, 48, 5, 91, 7, 0, 92, 27, 66, 57, 60, 80, 24, 50, 86, 56, 8, 6, 19, 11, 26, 85, 34, 61, 59]
Dlugosc cyklu:
11107
Lista wierzcholkow: 
[53, 1, 43, 49, 38, 36, 4, 95, 77, 51, 47, 99, 40, 70, 13, 2, 42, 45, 28, 29, 84, 67, 72, 80, 24, 8, 6, 33, 82, 54, 11, 26, 34, 85, 61, 59, 22, 76, 19, 56, 86, 50, 60, 57, 92, 27, 66, 68, 63, 39]
Dlugosc cyklu:
12153
Lista wierzcholkow: 
[71, 9, 83, 89, 62, 5, 48, 0, 91, 7, 41, 88, 30, 79, 74, 55, 96, 3, 64, 25, 65, 18, 52, 15, 69, 21, 93, 87, 78, 17, 23, 37, 98, 35, 58, 16, 14, 44, 59, 61, 19, 76, 22, 97, 90, 46, 31, 10, 73, 20]
Dlugosc cyklu:
13093
Lista wierzcholkow: 
[67, 84, 29, 28, 45, 42, 2, 13, 70, 40, 99, 47, 51, 77, 95, 4, 36, 38, 49, 43, 72, 1, 63, 53, 39, 68, 66, 27, 92, 57, 60, 50, 86, 56, 19, 76, 22, 59, 61, 85, 34, 26, 11, 54, 82, 33, 6, 8, 24, 80]
Dlugosc cyklu:
12467
Lista wierzcholkow: 
[66, 53, 39, 63, 1, 43, 49, 38, 36, 4, 95, 77, 51, 47, 99, 40, 70, 13, 2, 42, 45, 28, 29, 84, 67, 72, 68, 80, 24, 8, 6, 33, 82, 54, 11, 26, 34, 85, 61, 59, 22, 76, 19, 56, 86, 50, 60, 57, 92, 27]
Dlugosc cyklu:
12175
Lista wierzcholkow: 
[25, 65, 3, 96, 55, 74, 18, 52, 78, 89, 48, 5, 62, 91, 7, 41, 79, 30, 88, 66, 57, 27, 92, 0, 46, 97, 22, 90, 44, 31, 10, 14, 16, 20, 73, 58, 71, 9, 83, 35, 98, 37, 23, 17, 87, 15, 93, 21, 69, 64]
Dlugosc cyklu:
12149
Lista wierzcholkow: 
[26, 34, 85, 61, 59, 22, 76, 19, 56, 50, 60, 57, 92, 27, 66, 68, 39, 53, 63, 1, 72, 43, 49, 38, 36, 4, 95, 77, 51, 47, 99, 40, 70, 13, 2, 42, 45, 28, 29, 84, 67, 80, 24, 86, 8, 6, 33, 82, 54, 11]
Dlugosc cyklu:
12482
Lista wierzcholkow: 
[57, 60, 50, 86, 56, 19, 76, 22, 59, 61, 85, 34, 26, 11, 54, 82, 33, 6, 8, 24, 80, 68, 72, 67, 84, 29, 28, 45, 42, 2, 13, 70, 40, 99, 47, 51, 77, 95, 4, 36, 38, 49, 43, 1, 63, 39, 53, 66, 27, 92]
Dlugosc cyklu:
12175
Lista wierzcholkow: 
[29, 28, 45, 42, 2, 13, 70, 40, 99, 47, 51, 77, 95, 4, 36, 38, 49, 43, 1, 53, 39, 63, 68, 66, 27, 92, 57, 60, 50, 86, 56, 19, 76, 22, 59, 61, 85, 34, 26, 11, 54, 82, 33, 6, 8, 24, 80, 72, 67, 84]
Dlugosc cyklu:
12153
Lista wierzcholkow: 
[99, 47, 13, 28, 33, 82, 54, 8, 6, 86, 24, 80, 67, 84, 29, 51, 77, 95, 4, 36, 38, 49, 43, 72, 1, 63, 53, 39, 68, 66, 27, 92, 57, 60, 50, 56, 11, 19, 76, 22, 59, 61, 85, 34, 26, 45, 42, 2, 70, 40]
Dlugosc cyklu:
13185
Lista wierzcholkow: 
[94, 81, 1, 53, 39, 63, 68, 66, 27, 92, 57, 60, 50, 86, 56, 19, 76, 97, 90, 31, 44, 22, 59, 61, 85, 34, 26, 11, 54, 82, 33, 6, 8, 24, 80, 43, 49, 72, 67, 84, 38, 29, 95, 77, 51, 4, 36, 12, 32, 75]
Dlugosc cyklu:
11935
Lista wierzcholkow: 
[61, 59, 22, 76, 19, 56, 50, 60, 57, 92, 27, 66, 68, 39, 53, 63, 1, 72, 43, 49, 38, 36, 4, 95, 77, 51, 47, 99, 40, 70, 13, 2, 42, 45, 28, 29, 84, 67, 80, 24, 86, 8, 6, 33, 82, 54, 11, 26, 34, 85]
Dlugosc cyklu:
12482
Lista wierzcholkow: 
[11, 26, 34, 85, 61, 59, 22, 76, 19, 56, 50, 60, 57, 92, 27, 66, 68, 39, 53, 63, 1, 72, 43, 49, 38, 36, 4, 95, 77, 51, 47, 99, 40, 70, 13, 2, 42, 45, 28, 29, 84, 67, 80, 24, 86, 6, 8, 33, 82, 54]
Dlugosc cyklu:
12539
Lista wierzcholkow: 
[18, 65, 25, 64, 3, 96, 55, 74, 89, 48, 5, 62, 91, 7, 41, 79, 30, 88, 66, 57, 27, 92, 0, 46, 97, 22, 90, 44, 31, 10, 14, 16, 20, 73, 58, 71, 9, 83, 35, 98, 37, 23, 17, 87, 93, 21, 69, 15, 52, 78]
Dlugosc cyklu:
12456
Lista wierzcholkow: 
[3, 96, 55, 74, 18, 52, 78, 89, 48, 5, 62, 91, 7, 41, 79, 30, 88, 66, 57, 27, 92, 0, 46, 97, 22, 90, 44, 31, 10, 14, 16, 20, 73, 58, 71, 9, 83, 35, 98, 37, 23, 17, 87, 15, 93, 21, 69, 64, 25, 65]
Dlugosc cyklu:
12149
Lista wierzcholkow: 
[69, 21, 93, 15, 87, 17, 23, 37, 98, 35, 83, 9, 71, 58, 73, 20, 16, 14, 10, 31, 44, 90, 22, 97, 46, 0, 92, 27, 57, 66, 88, 30, 79, 41, 7, 91, 62, 5, 48, 89, 78, 52, 18, 74, 55, 96, 3, 65, 25, 64]
Dlugosc cyklu:
12149
Lista wierzcholkow: 
[69, 15, 52, 78, 18, 65, 25, 64, 3, 96, 55, 74, 89, 48, 5, 62, 91, 7, 41, 79, 30, 88, 66, 57, 27, 92, 0, 46, 97, 22, 90, 44, 31, 10, 14, 16, 20, 73, 58, 71, 9, 83, 35, 98, 37, 23, 17, 87, 93, 21]
Dlugosc cyklu:
12456
Lista wierzcholkow: 
[51, 4, 36, 38, 49, 43, 1, 53, 39, 63, 68, 66, 27, 92, 57, 60, 50, 86, 56, 19, 76, 97, 90, 46, 31, 10, 73, 16, 14, 44, 22, 59, 61, 85, 34, 26, 11, 54, 82, 33, 6, 8, 24, 80, 72, 67, 84, 29, 95, 77]
Dlugosc cyklu:
12512
Lista wierzcholkow: 
[67, 84, 29, 28, 45, 42, 2, 13, 70, 40, 99, 47, 51, 77, 95, 4, 36, 38, 49, 43, 1, 53, 39, 63, 68, 66, 27, 92, 57, 60, 50, 86, 56, 19, 76, 22, 59, 61, 85, 34, 26, 11, 54, 82, 33, 6, 8, 24, 80, 72]
Dlugosc cyklu:
12153
Lista wierzcholkow: 
[17, 78, 87, 93, 21, 69, 15, 52, 18, 65, 25, 64, 3, 96, 55, 74, 79, 30, 88, 41, 7, 91, 0, 48, 5, 62, 89, 9, 83, 71, 20, 73, 46, 31, 90, 97, 22, 76, 19, 61, 59, 44, 10, 14, 16, 58, 35, 98, 37, 23]
Dlugosc cyklu:
13076
Lista wierzcholkow: 
[48, 89, 74, 55, 96, 3, 64, 25, 65, 18, 52, 15, 69, 21, 93, 87, 78, 17, 23, 37, 98, 35, 83, 9, 71, 58, 73, 20, 16, 14, 10, 31, 44, 90, 22, 97, 46, 0, 92, 27, 57, 66, 88, 30, 79, 41, 7, 91, 62, 5]
Dlugosc cyklu:
12215
Lista wierzcholkow: 
[90, 46, 31, 10, 9, 83, 89, 62, 5, 48, 0, 91, 7, 41, 88, 30, 79, 74, 55, 96, 3, 64, 25, 65, 18, 52, 15, 69, 21, 93, 87, 78, 17, 23, 37, 98, 35, 71, 20, 73, 58, 16, 14, 44, 59, 61, 19, 76, 22, 97]
Dlugosc cyklu:
13266
Lista wierzcholkow: 
[2, 42, 45, 26, 34, 85, 61, 59, 22, 76, 19, 11, 56, 50, 60, 57, 92, 27, 66, 68, 39, 53, 63, 1, 72, 43, 49, 38, 36, 4, 95, 77, 51, 29, 84, 67, 80, 24, 86, 6, 8, 54, 82, 33, 28, 13, 47, 99, 40, 70]
Dlugosc cyklu:
13185
Lista wierzcholkow: 
[52, 78, 18, 65, 25, 64, 3, 96, 55, 74, 89, 48, 5, 62, 91, 7, 41, 79, 30, 88, 66, 57, 27, 92, 0, 46, 97, 22, 90, 44, 31, 10, 14, 16, 20, 73, 58, 71, 9, 83, 35, 98, 37, 23, 17, 87, 93, 21, 69, 15]
Dlugosc cyklu:
12456
Lista wierzcholkow: 
[33, 82, 54, 11, 26, 34, 85, 61, 59, 22, 76, 19, 56, 50, 60, 57, 92, 27, 66, 68, 39, 53, 63, 1, 72, 43, 49, 38, 36, 4, 95, 77, 51, 47, 99, 40, 70, 13, 2, 42, 45, 28, 29, 84, 67, 80, 24, 86, 8, 6]
Dlugosc cyklu:
12482
Lista wierzcholkow: 
[74, 18, 52, 78, 89, 48, 5, 62, 91, 7, 41, 79, 30, 88, 66, 57, 27, 92, 0, 46, 97, 22, 90, 44, 31, 10, 14, 16, 20, 73, 58, 71, 9, 83, 35, 98, 37, 23, 17, 87, 15, 93, 21, 69, 65, 25, 64, 3, 96, 55]
Dlugosc cyklu:
11968
Lista wierzcholkow: 
[88, 41, 7, 91, 0, 66, 57, 27, 92, 22, 97, 90, 44, 31, 14, 16, 10, 46, 62, 5, 48, 89, 74, 18, 52, 78, 9, 83, 71, 20, 73, 58, 35, 98, 37, 23, 17, 87, 15, 93, 21, 69, 65, 25, 64, 3, 96, 55, 79, 30]
Dlugosc cyklu:
12116
Lista wierzcholkow: 
[34, 85, 61, 59, 22, 76, 19, 56, 50, 60, 57, 92, 27, 66, 68, 39, 53, 63, 1, 72, 43, 49, 38, 36, 4, 95, 77, 51, 47, 99, 40, 70, 13, 2, 42, 45, 28, 29, 84, 67, 80, 24, 86, 8, 6, 33, 82, 54, 11, 26]
Dlugosc cyklu:
12482
Lista wierzcholkow: 
[72, 80, 24, 8, 6, 33, 82, 54, 11, 26, 34, 85, 61, 59, 22, 76, 19, 56, 86, 50, 60, 57, 92, 27, 66, 68, 63, 39, 53, 1, 43, 49, 38, 36, 4, 95, 77, 51, 47, 99, 40, 70, 13, 2, 42, 45, 28, 29, 84, 67]
Dlugosc cyklu:
12153
Lista wierzcholkow: 
[43, 1, 53, 39, 63, 68, 66, 27, 92, 57, 60, 50, 86, 56, 19, 76, 22, 59, 61, 85, 34, 26, 11, 54, 82, 33, 6, 8, 24, 80, 72, 67, 84, 29, 28, 45, 42, 2, 13, 70, 40, 99, 47, 51, 77, 95, 4, 36, 38, 49]
Dlugosc cyklu:
12153
Lista wierzcholkow: 
[40, 70, 99, 47, 13, 28, 33, 82, 54, 8, 6, 86, 24, 80, 67, 84, 29, 51, 77, 95, 4, 36, 38, 49, 43, 72, 1, 63, 53, 39, 68, 66, 27, 92, 57, 60, 50, 56, 11, 19, 76, 22, 59, 61, 85, 34, 26, 45, 42, 2]
Dlugosc cyklu:
13171
