Lista wierzcholkow: 
[0, 94, 97, 11, 70, 26, 60, 34, 93, 56, 33, 6, 83, 57, 51, 53, 42, 88, 86, 59, 73, 65, 3, 82, 5, 14, 32, 81, 63, 13, 41, 1, 12, 77, 16, 44, 35, 95, 91, 18, 43, 40, 17, 23, 76, 15, 49, 54, 21, 22]
Dlugosc cyklu (przed ostatnim dodaniem):  11464
Dlugosc cyklu:  13452
Lista wierzcholkow: 
[26, 60, 34, 93, 56, 33, 6, 83, 57, 51, 53, 42, 88, 86, 59, 73, 65, 3, 82, 5, 14, 32, 81, 63, 13, 41, 1, 12, 77, 16, 44, 35, 95, 91, 18, 43, 40, 17, 23, 76, 15, 49, 54, 21, 22, 87, 36, 71, 64, 78]
Dlugosc cyklu (przed ostatnim dodaniem):  12136
Dlugosc cyklu:  13467
Lista wierzcholkow: 
[5, 3, 82, 63, 13, 41, 1, 12, 77, 16, 44, 35, 95, 91, 18, 43, 40, 17, 23, 76, 15, 49, 42, 88, 86, 59, 73, 65, 93, 56, 33, 6, 83, 57, 51, 53, 71, 36, 64, 78, 80, 46, 55, 99, 25, 68, 61, 4, 66, 39]
Dlugosc cyklu (przed ostatnim dodaniem):  12034
Dlugosc cyklu:  15118
Lista wierzcholkow: 
[87, 21, 22, 54, 49, 42, 88, 86, 59, 73, 65, 3, 82, 5, 14, 32, 81, 63, 13, 41, 1, 12, 77, 16, 44, 35, 95, 91, 18, 43, 40, 17, 23, 76, 15, 62, 30, 47, 50, 51, 53, 57, 83, 6, 56, 93, 60, 34, 26, 70]
Dlugosc cyklu (przed ostatnim dodaniem):  13541
Dlugosc cyklu:  15229
Lista wierzcholkow: 
[33, 56, 93, 60, 34, 26, 70, 11, 97, 94, 0, 89, 20, 85, 48, 29, 74, 79, 19, 37, 45, 24, 8, 71, 36, 64, 78, 80, 46, 55, 99, 25, 68, 61, 4, 66, 39, 38, 69, 52, 72, 84, 92, 10, 2, 27, 90, 96, 98, 7]
Dlugosc cyklu (przed ostatnim dodaniem):  9976
Dlugosc cyklu:  11305
Lista wierzcholkow: 
[49, 42, 88, 86, 59, 73, 65, 3, 82, 5, 14, 32, 81, 63, 13, 41, 1, 12, 77, 16, 44, 35, 95, 91, 18, 43, 40, 17, 23, 76, 15, 62, 30, 47, 50, 54, 21, 22, 87, 53, 51, 57, 83, 6, 56, 93, 60, 34, 26, 70]
Dlugosc cyklu (przed ostatnim dodaniem):  13418
Dlugosc cyklu:  15088
Lista wierzcholkow: 
[62, 30, 47, 81, 63, 13, 41, 1, 12, 77, 16, 44, 35, 95, 91, 18, 43, 40, 17, 23, 76, 15, 49, 42, 88, 86, 59, 73, 65, 3, 82, 5, 14, 32, 50, 54, 21, 22, 87, 53, 51, 57, 83, 6, 56, 93, 60, 34, 26, 70]
Dlugosc cyklu (przed ostatnim dodaniem):  13648
Dlugosc cyklu:  16223
Lista wierzcholkow: 
[29, 74, 79, 19, 37, 85, 48, 67, 9, 20, 89, 0, 94, 97, 11, 70, 26, 60, 34, 93, 56, 33, 6, 83, 57, 51, 53, 42, 88, 86, 59, 73, 65, 3, 82, 5, 14, 32, 81, 63, 13, 41, 1, 12, 77, 16, 44, 35, 95, 91]
Dlugosc cyklu (przed ostatnim dodaniem):  10013
Dlugosc cyklu:  12620
Lista wierzcholkow: 
[42, 88, 86, 59, 73, 65, 3, 82, 5, 14, 32, 81, 63, 13, 41, 1, 12, 77, 16, 44, 35, 95, 91, 18, 43, 40, 17, 23, 76, 15, 49, 54, 21, 22, 87, 53, 51, 57, 83, 6, 56, 93, 60, 34, 26, 70, 11, 97, 94, 0]
Dlugosc cyklu (przed ostatnim dodaniem):  11403
Dlugosc cyklu:  13076
Lista wierzcholkow: 
[98, 7, 28, 31, 58, 75, 96, 90, 27, 2, 10, 92, 84, 72, 52, 69, 38, 39, 66, 4, 61, 25, 99, 55, 68, 74, 29, 79, 19, 37, 85, 48, 67, 9, 20, 89, 0, 94, 97, 11, 70, 26, 60, 34, 93, 56, 33, 6, 83, 57]
Dlugosc cyklu (przed ostatnim dodaniem):  8773
Dlugosc cyklu:  10478
Lista wierzcholkow: 
[19, 79, 37, 85, 48, 29, 74, 68, 25, 99, 55, 61, 4, 66, 39, 38, 69, 52, 72, 84, 92, 10, 2, 27, 90, 96, 98, 7, 28, 31, 58, 75, 97, 11, 70, 26, 60, 34, 93, 56, 33, 6, 83, 57, 51, 53, 42, 88, 86, 59]
Dlugosc cyklu (przed ostatnim dodaniem):  9543
Dlugosc cyklu:  10882
Lista wierzcholkow: 
[69, 38, 39, 66, 4, 61, 25, 99, 55, 68, 74, 29, 79, 19, 37, 85, 48, 67, 9, 20, 89, 0, 94, 97, 11, 70, 26, 60, 34, 93, 56, 33, 6, 83, 57, 51, 53, 42, 88, 86, 59, 73, 65, 3, 82, 5, 14, 32, 81, 63]
Dlugosc cyklu (przed ostatnim dodaniem):  10279
Dlugosc cyklu:  13574
Lista wierzcholkow: 
[17, 23, 76, 15, 1, 12, 77, 16, 44, 35, 95, 91, 18, 43, 40, 62, 30, 47, 81, 63, 13, 41, 32, 14, 5, 3, 82, 86, 59, 73, 65, 93, 56, 33, 6, 83, 57, 51, 53, 42, 88, 49, 54, 21, 22, 87, 36, 71, 64, 78]
Dlugosc cyklu (przed ostatnim dodaniem):  12685
Dlugosc cyklu:  14638
Lista wierzcholkow: 
[23, 17, 76, 15, 1, 12, 77, 16, 44, 35, 95, 91, 18, 43, 40, 62, 30, 47, 81, 63, 13, 41, 32, 14, 5, 3, 82, 86, 59, 73, 65, 93, 56, 33, 6, 83, 57, 51, 53, 42, 88, 49, 54, 21, 22, 87, 36, 71, 64, 78]
Dlugosc cyklu (przed ostatnim dodaniem):  12746
Dlugosc cyklu:  14546
Lista wierzcholkow: 
[74, 29, 79, 19, 37, 85, 48, 67, 9, 20, 89, 0, 94, 97, 11, 70, 26, 60, 34, 93, 56, 33, 6, 83, 57, 51, 53, 42, 88, 86, 59, 73, 65, 3, 82, 5, 14, 32, 81, 63, 13, 41, 1, 12, 77, 16, 44, 35, 95, 91]
Dlugosc cyklu (przed ostatnim dodaniem):  9977
Dlugosc cyklu:  12569
Lista wierzcholkow: 
[2, 10, 92, 84, 72, 52, 69, 38, 39, 66, 4, 61, 25, 99, 55, 68, 74, 29, 79, 19, 37, 85, 48, 67, 9, 20, 89, 0, 94, 97, 11, 70, 26, 60, 34, 93, 56, 33, 6, 83, 57, 51, 53, 42, 88, 86, 59, 73, 65, 3]
Dlugosc cyklu (przed ostatnim dodaniem):  10020
Dlugosc cyklu:  12535
Lista wierzcholkow: 
[53, 51, 57, 83, 6, 56, 93, 60, 34, 26, 70, 11, 97, 94, 0, 89, 20, 85, 48, 29, 74, 79, 19, 37, 45, 24, 8, 33, 71, 36, 64, 78, 80, 46, 55, 99, 25, 68, 61, 4, 66, 39, 38, 69, 52, 72, 84, 92, 10, 2]
Dlugosc cyklu (przed ostatnim dodaniem):  9994
Dlugosc cyklu:  11972
Lista wierzcholkow: 
[85, 48, 29, 74, 79, 19, 37, 45, 24, 8, 26, 60, 34, 93, 56, 33, 6, 83, 57, 51, 53, 42, 88, 86, 59, 73, 65, 3, 82, 5, 14, 32, 81, 63, 13, 41, 1, 12, 77, 16, 44, 35, 95, 91, 18, 43, 40, 17, 23, 76]
Dlugosc cyklu (przed ostatnim dodaniem):  10542
Dlugosc cyklu:  12731
Lista wierzcholkow: 
[92, 10, 2, 27, 90, 96, 98, 7, 28, 31, 58, 75, 97, 11, 70, 26, 60, 34, 93, 56, 33, 6, 83, 57, 51, 53, 42, 88, 86, 59, 73, 65, 3, 82, 5, 14, 32, 81, 63, 13, 41, 1, 12, 77, 16, 44, 35, 95, 91, 18]
Dlugosc cyklu (przed ostatnim dodaniem):  10085
Dlugosc cyklu:  13819
Lista wierzcholkow: 
[35, 44, 16, 40, 91, 18, 95, 17, 23, 76, 15, 1, 12, 77, 62, 30, 47, 81, 63, 13, 41, 32, 14, 5, 3, 82, 86, 59, 73, 65, 93, 56, 33, 6, 83, 57, 51, 53, 42, 88, 49, 54, 21, 22, 87, 36, 71, 64, 78, 80]
Dlugosc cyklu (przed ostatnim dodaniem):  12168
Dlugosc cyklu:  14464
Lista wierzcholkow: 
[12, 77, 16, 44, 35, 95, 91, 18, 43, 40, 17, 23, 76, 15, 1, 41, 13, 63, 81, 32, 14, 5, 3, 82, 86, 59, 73, 65, 93, 56, 33, 6, 83, 57, 51, 53, 42, 88, 49, 54, 21, 22, 87, 36, 71, 64, 78, 80, 46, 55]
Dlugosc cyklu (przed ostatnim dodaniem):  12742
Dlugosc cyklu:  15535
Lista wierzcholkow: 
[54, 21, 22, 87, 53, 51, 57, 83, 6, 56, 93, 60, 34, 26, 70, 11, 97, 94, 0, 89, 20, 85, 48, 29, 74, 79, 19, 37, 45, 24, 8, 33, 71, 36, 64, 78, 80, 46, 55, 99, 25, 68, 61, 4, 66, 39, 38, 69, 52, 72]
Dlugosc cyklu (przed ostatnim dodaniem):  10453
Dlugosc cyklu:  13139
Lista wierzcholkow: 
[80, 78, 64, 46, 36, 71, 19, 79, 37, 85, 48, 29, 74, 68, 25, 99, 55, 61, 4, 66, 39, 38, 69, 52, 72, 84, 92, 10, 2, 27, 90, 96, 98, 7, 28, 31, 58, 75, 97, 11, 70, 26, 60, 34, 93, 56, 33, 6, 83, 57]
Dlugosc cyklu (przed ostatnim dodaniem):  9618
Dlugosc cyklu:  10877
Lista wierzcholkow: 
[31, 58, 75, 98, 7, 28, 96, 90, 27, 2, 10, 92, 84, 72, 52, 69, 38, 39, 66, 4, 61, 25, 99, 55, 68, 74, 29, 79, 19, 37, 85, 48, 67, 9, 20, 89, 0, 94, 97, 11, 70, 26, 60, 34, 93, 56, 33, 6, 83, 57]
Dlugosc cyklu (przed ostatnim dodaniem):  8813
Dlugosc cyklu:  10250
Lista wierzcholkow: 
[70, 11, 97, 94, 0, 89, 20, 85, 48, 29, 74, 79, 19, 37, 45, 24, 8, 26, 60, 34, 93, 56, 33, 6, 83, 57, 51, 53, 42, 88, 86, 59, 73, 65, 3, 82, 5, 14, 32, 81, 63, 13, 41, 1, 12, 77, 16, 44, 35, 95]
Dlugosc cyklu (przed ostatnim dodaniem):  10029
Dlugosc cyklu:  12630
Lista wierzcholkow: 
[71, 36, 64, 78, 80, 46, 55, 99, 25, 68, 61, 4, 66, 39, 38, 69, 52, 72, 84, 92, 10, 2, 27, 90, 96, 98, 7, 28, 31, 58, 75, 97, 11, 70, 26, 60, 34, 93, 56, 33, 6, 83, 57, 51, 53, 42, 88, 86, 59, 73]
Dlugosc cyklu (przed ostatnim dodaniem):  10351
Dlugosc cyklu:  11354
Lista wierzcholkow: 
[56, 93, 60, 34, 26, 70, 11, 97, 94, 0, 89, 20, 85, 48, 29, 74, 79, 19, 37, 45, 24, 8, 33, 6, 83, 57, 51, 53, 42, 88, 86, 59, 73, 65, 3, 82, 5, 14, 32, 81, 63, 13, 41, 1, 12, 77, 16, 44, 35, 95]
Dlugosc cyklu (przed ostatnim dodaniem):  10094
Dlugosc cyklu:  12096
Lista wierzcholkow: 
[43, 91, 18, 95, 35, 44, 16, 40, 77, 12, 1, 41, 13, 63, 81, 32, 14, 5, 3, 82, 86, 59, 73, 65, 93, 56, 33, 6, 83, 57, 51, 53, 42, 88, 49, 54, 21, 22, 87, 36, 71, 64, 78, 80, 46, 55, 99, 25, 68, 61]
Dlugosc cyklu (przed ostatnim dodaniem):  11987
Dlugosc cyklu:  15219
Lista wierzcholkow: 
[91, 18, 95, 35, 44, 16, 40, 77, 12, 1, 41, 13, 63, 81, 32, 14, 5, 3, 82, 86, 59, 73, 65, 93, 56, 33, 6, 83, 57, 51, 53, 42, 88, 49, 54, 21, 22, 87, 36, 71, 64, 78, 80, 46, 55, 99, 25, 68, 61, 4]
Dlugosc cyklu (przed ostatnim dodaniem):  11960
Dlugosc cyklu:  15211
Lista wierzcholkow: 
[86, 59, 73, 65, 3, 82, 5, 14, 32, 81, 63, 13, 41, 1, 12, 77, 16, 44, 35, 95, 91, 18, 43, 40, 17, 23, 76, 15, 49, 42, 88, 51, 53, 57, 83, 6, 56, 93, 60, 34, 26, 70, 11, 97, 94, 0, 89, 20, 85, 48]
Dlugosc cyklu (przed ostatnim dodaniem):  11290
Dlugosc cyklu:  13072
Lista wierzcholkow: 
[58, 75, 98, 7, 28, 31, 97, 11, 70, 26, 60, 34, 93, 56, 33, 6, 83, 57, 51, 53, 42, 88, 86, 59, 73, 65, 3, 82, 5, 14, 32, 81, 63, 13, 41, 1, 12, 77, 16, 44, 35, 95, 91, 18, 43, 40, 17, 23, 76, 15]
Dlugosc cyklu (przed ostatnim dodaniem):  10735
Dlugosc cyklu:  13508
Lista wierzcholkow: 
[97, 11, 70, 26, 60, 34, 93, 56, 33, 6, 83, 57, 51, 53, 42, 88, 86, 59, 73, 65, 3, 82, 5, 14, 32, 81, 63, 13, 41, 1, 12, 77, 16, 44, 35, 95, 91, 18, 43, 40, 17, 23, 76, 15, 49, 54, 21, 22, 87, 36]
Dlugosc cyklu (przed ostatnim dodaniem):  12054
Dlugosc cyklu:  13332
Lista wierzcholkow: 
[6, 83, 57, 51, 53, 42, 88, 86, 59, 73, 65, 3, 82, 5, 14, 32, 81, 63, 13, 41, 1, 12, 77, 16, 44, 35, 95, 91, 18, 43, 40, 17, 23, 76, 15, 49, 54, 21, 22, 87, 36, 71, 64, 78, 80, 46, 55, 99, 25, 68]
Dlugosc cyklu (przed ostatnim dodaniem):  12143
Dlugosc cyklu:  13540
Lista wierzcholkow: 
[15, 1, 12, 77, 16, 44, 35, 95, 91, 18, 43, 40, 17, 23, 76, 49, 42, 88, 86, 59, 73, 65, 3, 82, 5, 14, 32, 81, 63, 13, 41, 62, 30, 47, 50, 54, 21, 22, 87, 53, 51, 57, 83, 6, 56, 93, 60, 34, 26, 70]
Dlugosc cyklu (przed ostatnim dodaniem):  13365
Dlugosc cyklu:  15464
Lista wierzcholkow: 
[11, 97, 94, 0, 89, 20, 85, 48, 29, 74, 79, 19, 37, 45, 24, 8, 26, 60, 34, 93, 56, 33, 6, 83, 57, 51, 53, 42, 88, 86, 59, 73, 65, 3, 82, 5, 14, 32, 81, 63, 13, 41, 1, 12, 77, 16, 44, 35, 95, 91]
Dlugosc cyklu (przed ostatnim dodaniem):  9970
Dlugosc cyklu:  12875
Lista wierzcholkow: 
[40, 16, 44, 35, 95, 91, 18, 43, 17, 23, 76, 15, 1, 12, 77, 62, 30, 47, 81, 63, 13, 41, 32, 14, 5, 3, 82, 86, 59, 73, 65, 93, 56, 33, 6, 83, 57, 51, 53, 42, 88, 49, 54, 21, 22, 87, 36, 71, 64, 78]
Dlugosc cyklu (przed ostatnim dodaniem):  12652
Dlugosc cyklu:  15116
Lista wierzcholkow: 
[7, 98, 96, 75, 58, 31, 28, 97, 11, 70, 26, 60, 34, 93, 56, 33, 6, 83, 57, 51, 53, 42, 88, 86, 59, 73, 65, 3, 82, 5, 14, 32, 81, 63, 13, 41, 1, 12, 77, 16, 44, 35, 95, 91, 18, 43, 40, 17, 23, 76]
Dlugosc cyklu (przed ostatnim dodaniem):  10805
Dlugosc cyklu:  13656
Lista wierzcholkow: 
[65, 73, 59, 86, 88, 42, 51, 53, 57, 83, 6, 56, 93, 60, 34, 26, 70, 11, 97, 94, 0, 89, 20, 85, 48, 29, 74, 79, 19, 37, 45, 24, 8, 33, 71, 36, 64, 78, 80, 46, 55, 99, 25, 68, 61, 4, 66, 39, 38, 69]
Dlugosc cyklu (przed ostatnim dodaniem):  10434
Dlugosc cyklu:  13081
Lista wierzcholkow: 
[3, 82, 5, 14, 32, 81, 63, 13, 41, 1, 12, 77, 16, 44, 35, 95, 91, 18, 43, 40, 17, 23, 76, 15, 49, 42, 88, 86, 59, 73, 65, 93, 56, 33, 6, 83, 57, 51, 53, 71, 36, 64, 78, 80, 46, 55, 99, 25, 68, 61]
Dlugosc cyklu (przed ostatnim dodaniem):  11812
Dlugosc cyklu:  14522
Lista wierzcholkow: 
[76, 23, 17, 44, 35, 16, 40, 91, 18, 95, 43, 77, 12, 1, 41, 13, 63, 81, 32, 14, 5, 3, 82, 86, 59, 73, 65, 93, 56, 33, 6, 83, 57, 51, 53, 42, 88, 49, 54, 21, 22, 87, 36, 71, 64, 78, 80, 46, 55, 99]
Dlugosc cyklu (przed ostatnim dodaniem):  12832
Dlugosc cyklu:  15065
Lista wierzcholkow: 
[44, 35, 16, 40, 91, 18, 95, 17, 23, 76, 15, 1, 12, 77, 62, 30, 47, 81, 63, 13, 41, 32, 14, 5, 3, 82, 86, 59, 73, 65, 93, 56, 33, 6, 83, 57, 51, 53, 42, 88, 49, 54, 21, 22, 87, 36, 71, 64, 78, 80]
Dlugosc cyklu (przed ostatnim dodaniem):  12184
Dlugosc cyklu:  14453
Lista wierzcholkow: 
[36, 71, 64, 78, 80, 46, 55, 99, 25, 68, 61, 4, 66, 39, 38, 69, 52, 72, 84, 92, 10, 2, 27, 90, 96, 98, 7, 28, 31, 58, 75, 97, 11, 70, 26, 60, 34, 93, 56, 33, 6, 83, 57, 51, 53, 42, 88, 86, 59, 73]
Dlugosc cyklu (przed ostatnim dodaniem):  10434
Dlugosc cyklu:  11519
Lista wierzcholkow: 
[30, 47, 62, 12, 77, 16, 44, 35, 95, 91, 18, 43, 40, 17, 23, 76, 15, 1, 41, 13, 63, 81, 32, 14, 5, 3, 82, 86, 59, 73, 65, 93, 56, 33, 6, 83, 57, 51, 53, 42, 88, 49, 54, 21, 22, 87, 36, 71, 64, 78]
Dlugosc cyklu (przed ostatnim dodaniem):  12213
Dlugosc cyklu:  14995
Lista wierzcholkow: 
[22, 21, 87, 54, 49, 42, 88, 86, 59, 73, 65, 3, 82, 5, 14, 32, 81, 63, 13, 41, 1, 12, 77, 16, 44, 35, 95, 91, 18, 43, 40, 17, 23, 76, 15, 62, 30, 47, 50, 51, 53, 57, 83, 6, 56, 93, 60, 34, 26, 70]
Dlugosc cyklu (przed ostatnim dodaniem):  13523
Dlugosc cyklu:  15338
Lista wierzcholkow: 
[52, 69, 38, 39, 66, 4, 61, 25, 99, 55, 68, 74, 29, 79, 19, 37, 85, 48, 67, 9, 20, 89, 0, 94, 97, 11, 70, 26, 60, 34, 93, 56, 33, 6, 83, 57, 51, 53, 42, 88, 86, 59, 73, 65, 3, 82, 5, 14, 32, 81]
Dlugosc cyklu (przed ostatnim dodaniem):  10284
Dlugosc cyklu:  13705
Lista wierzcholkow: 
[96, 98, 7, 28, 31, 58, 75, 90, 27, 2, 10, 92, 84, 72, 52, 69, 38, 39, 66, 4, 61, 25, 99, 55, 68, 74, 29, 79, 19, 37, 85, 48, 67, 9, 20, 89, 0, 94, 97, 11, 70, 26, 60, 34, 93, 56, 33, 6, 83, 57]
Dlugosc cyklu (przed ostatnim dodaniem):  8889
Dlugosc cyklu:  10714
Lista wierzcholkow: 
[48, 85, 37, 19, 79, 29, 74, 68, 25, 99, 55, 61, 4, 66, 39, 38, 69, 52, 72, 84, 92, 10, 2, 27, 90, 96, 98, 7, 28, 31, 58, 75, 97, 11, 70, 26, 60, 34, 93, 56, 33, 6, 83, 57, 51, 53, 42, 88, 86, 59]
Dlugosc cyklu (przed ostatnim dodaniem):  9426
Dlugosc cyklu:  10975
Lista wierzcholkow: 
[57, 83, 6, 56, 93, 60, 34, 26, 70, 11, 97, 94, 0, 89, 20, 85, 48, 29, 74, 79, 19, 37, 45, 24, 8, 33, 71, 36, 64, 78, 80, 46, 55, 99, 25, 68, 61, 4, 66, 39, 38, 69, 52, 72, 84, 92, 10, 2, 27, 90]
Dlugosc cyklu (przed ostatnim dodaniem):  9967
Dlugosc cyklu:  11902
Lista wierzcholkow: 
[47, 30, 62, 12, 77, 16, 44, 35, 95, 91, 18, 43, 40, 17, 23, 76, 15, 1, 41, 13, 63, 81, 32, 14, 5, 3, 82, 86, 59, 73, 65, 93, 56, 33, 6, 83, 57, 51, 53, 42, 88, 49, 54, 21, 22, 87, 36, 71, 64, 78]
Dlugosc cyklu (przed ostatnim dodaniem):  12198
Dlugosc cyklu:  14912
Lista wierzcholkow: 
[68, 25, 99, 55, 61, 4, 66, 39, 38, 69, 52, 72, 84, 92, 10, 2, 27, 90, 96, 98, 7, 28, 31, 58, 75, 97, 11, 70, 26, 60, 34, 93, 56, 33, 6, 83, 57, 51, 53, 42, 88, 86, 59, 73, 65, 3, 82, 5, 14, 32]
Dlugosc cyklu (przed ostatnim dodaniem):  10444
Dlugosc cyklu:  13236
