Lista wierzcholkow: 
[7, 91, 0, 62, 5, 48, 89, 9, 83, 71, 20, 73, 58, 16, 14, 10, 31, 90, 97, 22, 44, 46, 92, 27, 66, 57, 60, 24, 80, 68, 72, 49, 43, 1, 53, 39, 63, 67, 84, 38, 29, 95, 77, 51, 4, 36, 32, 75, 12, 94]
Dlugosc cyklu (przed ostatnim dodaniem):  10574
Dlugosc cyklu:  12977
Lista wierzcholkow: 
[15, 87, 21, 93, 69, 52, 78, 17, 23, 37, 35, 98, 83, 9, 71, 20, 73, 58, 16, 14, 10, 31, 90, 97, 22, 44, 46, 62, 5, 48, 89, 18, 74, 96, 55, 79, 30, 88, 41, 7, 91, 0, 92, 27, 66, 57, 60, 24, 80, 68]
Dlugosc cyklu (przed ostatnim dodaniem):  10764
Dlugosc cyklu:  13228
Lista wierzcholkow: 
[54, 82, 33, 28, 45, 2, 42, 13, 70, 40, 99, 47, 51, 77, 95, 4, 36, 32, 75, 12, 94, 81, 49, 43, 72, 67, 84, 38, 29, 8, 6, 56, 86, 50, 60, 24, 80, 68, 63, 39, 53, 1, 66, 27, 92, 57, 76, 59, 61, 85]
Dlugosc cyklu (przed ostatnim dodaniem):  11886
Dlugosc cyklu:  12291
Lista wierzcholkow: 
[18, 74, 96, 55, 79, 30, 88, 41, 7, 91, 0, 62, 5, 48, 89, 9, 83, 71, 20, 73, 58, 16, 14, 10, 31, 90, 97, 22, 44, 46, 92, 27, 66, 57, 60, 24, 80, 68, 72, 49, 43, 1, 53, 39, 63, 67, 84, 38, 29, 95]
Dlugosc cyklu (przed ostatnim dodaniem):  10990
Dlugosc cyklu:  14142
Lista wierzcholkow: 
[66, 27, 92, 57, 60, 24, 80, 68, 72, 49, 43, 1, 53, 39, 63, 67, 84, 38, 29, 95, 77, 51, 4, 36, 32, 75, 12, 94, 81, 47, 99, 70, 40, 13, 2, 45, 28, 33, 82, 54, 11, 26, 85, 34, 19, 56, 6, 8, 86, 50]
Dlugosc cyklu (przed ostatnim dodaniem):  10746
Dlugosc cyklu:  11498
Lista wierzcholkow: 
[33, 82, 54, 11, 26, 85, 34, 19, 56, 6, 8, 86, 50, 60, 24, 80, 68, 72, 49, 43, 1, 53, 39, 63, 67, 84, 38, 29, 95, 77, 51, 4, 36, 32, 75, 12, 94, 81, 47, 99, 70, 40, 13, 2, 45, 28, 42, 61, 59, 76]
Dlugosc cyklu (przed ostatnim dodaniem):  11483
Dlugosc cyklu:  12395
Lista wierzcholkow: 
[30, 79, 41, 88, 7, 91, 0, 62, 5, 48, 89, 9, 83, 71, 20, 73, 58, 16, 14, 10, 31, 90, 97, 22, 44, 46, 92, 27, 66, 57, 60, 24, 80, 68, 72, 49, 43, 1, 53, 39, 63, 67, 84, 38, 29, 95, 77, 51, 4, 36]
Dlugosc cyklu (przed ostatnim dodaniem):  10669
Dlugosc cyklu:  13342
Lista wierzcholkow: 
[47, 99, 70, 40, 13, 2, 45, 28, 33, 82, 54, 11, 26, 85, 34, 19, 56, 6, 8, 86, 50, 60, 24, 80, 68, 72, 49, 43, 1, 53, 39, 63, 67, 84, 38, 29, 95, 77, 51, 4, 36, 32, 75, 12, 94, 81, 57, 27, 92, 66]
Dlugosc cyklu (przed ostatnim dodaniem):  10947
Dlugosc cyklu:  13003
Lista wierzcholkow: 
[19, 11, 26, 85, 34, 61, 59, 76, 22, 97, 90, 44, 31, 10, 14, 16, 73, 20, 58, 71, 9, 83, 35, 37, 23, 17, 78, 52, 87, 15, 21, 93, 69, 65, 64, 3, 96, 55, 79, 30, 88, 41, 7, 91, 0, 62, 5, 48, 89, 18]
Dlugosc cyklu (przed ostatnim dodaniem):  9622
Dlugosc cyklu:  11828
Lista wierzcholkow: 
[56, 6, 8, 86, 50, 60, 24, 80, 68, 72, 49, 43, 1, 53, 39, 63, 67, 84, 38, 29, 95, 77, 51, 4, 36, 32, 75, 12, 94, 81, 47, 99, 70, 40, 13, 2, 45, 28, 33, 82, 54, 11, 26, 85, 34, 19, 61, 59, 76, 22]
Dlugosc cyklu (przed ostatnim dodaniem):  10783
Dlugosc cyklu:  11636
Lista wierzcholkow: 
[73, 20, 58, 71, 9, 83, 35, 37, 23, 17, 78, 52, 87, 15, 21, 93, 69, 65, 64, 3, 96, 55, 79, 30, 88, 41, 7, 91, 0, 62, 5, 48, 89, 18, 74, 25, 98, 16, 14, 10, 31, 90, 97, 22, 44, 46, 92, 27, 66, 57]
Dlugosc cyklu (przed ostatnim dodaniem):  13439
Dlugosc cyklu:  14846
Lista wierzcholkow: 
[14, 16, 10, 31, 90, 97, 22, 44, 46, 62, 5, 48, 89, 9, 83, 71, 20, 73, 58, 35, 37, 23, 17, 78, 52, 87, 15, 21, 93, 69, 65, 64, 3, 96, 55, 79, 30, 88, 41, 7, 91, 0, 92, 27, 66, 57, 60, 24, 80, 68]
Dlugosc cyklu (przed ostatnim dodaniem):  10253
Dlugosc cyklu:  12142
Lista wierzcholkow: 
[79, 30, 88, 41, 7, 91, 0, 62, 5, 48, 89, 9, 83, 71, 20, 73, 58, 16, 14, 10, 31, 90, 97, 22, 44, 46, 92, 27, 66, 57, 60, 24, 80, 68, 72, 49, 43, 1, 53, 39, 63, 67, 84, 38, 29, 95, 77, 51, 4, 36]
Dlugosc cyklu (przed ostatnim dodaniem):  10458
Dlugosc cyklu:  13201
Lista wierzcholkow: 
[9, 83, 71, 20, 73, 58, 16, 14, 10, 31, 90, 97, 22, 44, 46, 62, 5, 48, 89, 78, 52, 87, 15, 21, 93, 69, 65, 64, 3, 96, 55, 79, 30, 88, 41, 7, 91, 0, 92, 27, 66, 57, 60, 24, 80, 68, 72, 49, 43, 1]
Dlugosc cyklu (przed ostatnim dodaniem):  10369
Dlugosc cyklu:  12811
Lista wierzcholkow: 
[50, 86, 8, 6, 56, 19, 11, 26, 85, 34, 61, 59, 76, 22, 97, 90, 44, 31, 10, 14, 16, 73, 20, 58, 71, 9, 83, 35, 37, 23, 17, 78, 52, 87, 15, 21, 93, 69, 65, 64, 3, 96, 55, 79, 30, 88, 41, 7, 91, 0]
Dlugosc cyklu (przed ostatnim dodaniem):  9234
Dlugosc cyklu:  10363
Lista wierzcholkow: 
[4, 36, 77, 51, 95, 38, 29, 47, 99, 70, 40, 13, 2, 45, 28, 33, 82, 54, 11, 26, 85, 34, 19, 56, 6, 8, 86, 50, 60, 24, 80, 68, 72, 49, 43, 1, 53, 39, 63, 67, 84, 81, 94, 12, 32, 75, 42, 61, 59, 76]
Dlugosc cyklu (przed ostatnim dodaniem):  12478
Dlugosc cyklu:  14436
Lista wierzcholkow: 
[55, 96, 74, 18, 52, 78, 17, 23, 37, 35, 98, 83, 9, 71, 20, 73, 58, 16, 14, 10, 31, 90, 97, 22, 44, 46, 62, 5, 48, 89, 91, 7, 41, 88, 30, 79, 3, 64, 65, 25, 69, 21, 15, 87, 93, 0, 92, 27, 66, 57]
Dlugosc cyklu (przed ostatnim dodaniem):  12622
Dlugosc cyklu:  13970
Lista wierzcholkow: 
[1, 43, 49, 72, 67, 84, 38, 29, 95, 77, 51, 4, 36, 32, 75, 12, 94, 81, 63, 39, 53, 68, 80, 24, 60, 50, 86, 8, 6, 56, 19, 11, 26, 85, 34, 61, 59, 76, 22, 97, 90, 44, 31, 10, 14, 16, 73, 20, 58, 71]
Dlugosc cyklu (przed ostatnim dodaniem):  9702
Dlugosc cyklu:  12161
Lista wierzcholkow: 
[95, 77, 51, 4, 36, 32, 75, 12, 94, 81, 49, 43, 72, 67, 84, 38, 29, 47, 99, 70, 40, 13, 2, 45, 28, 33, 82, 54, 11, 26, 85, 34, 19, 56, 6, 8, 86, 50, 60, 24, 80, 68, 63, 39, 53, 1, 66, 27, 92, 57]
Dlugosc cyklu (przed ostatnim dodaniem):  10517
Dlugosc cyklu:  12179
Lista wierzcholkow: 
[37, 23, 17, 78, 52, 87, 15, 21, 93, 69, 65, 64, 3, 96, 55, 79, 30, 88, 41, 7, 91, 0, 62, 5, 48, 89, 9, 83, 71, 20, 73, 58, 16, 14, 10, 31, 90, 97, 22, 44, 46, 92, 27, 66, 57, 60, 24, 80, 68, 72]
Dlugosc cyklu (przed ostatnim dodaniem):  10199
Dlugosc cyklu:  12936
Lista wierzcholkow: 
[57, 27, 92, 66, 0, 62, 5, 48, 89, 9, 83, 71, 20, 73, 58, 16, 14, 10, 31, 90, 97, 22, 44, 46, 91, 7, 41, 88, 30, 79, 55, 96, 74, 18, 52, 78, 17, 23, 37, 35, 98, 93, 21, 15, 87, 69, 65, 64, 3, 25]
Dlugosc cyklu (przed ostatnim dodaniem):  11459
Dlugosc cyklu:  13603
Lista wierzcholkow: 
[46, 31, 10, 14, 16, 73, 20, 58, 71, 9, 83, 35, 37, 23, 17, 78, 52, 87, 15, 21, 93, 69, 65, 64, 3, 96, 55, 79, 30, 88, 41, 7, 91, 0, 62, 5, 48, 89, 18, 74, 25, 98, 44, 90, 97, 22, 59, 61, 76, 19]
Dlugosc cyklu (przed ostatnim dodaniem):  13652
Dlugosc cyklu:  14874
Lista wierzcholkow: 
[28, 45, 2, 42, 13, 70, 40, 99, 47, 51, 77, 95, 4, 36, 32, 75, 12, 94, 81, 49, 43, 72, 67, 84, 38, 29, 33, 82, 54, 11, 26, 85, 34, 19, 56, 6, 8, 86, 50, 60, 24, 80, 68, 63, 39, 53, 1, 66, 27, 92]
Dlugosc cyklu (przed ostatnim dodaniem):  10810
Dlugosc cyklu:  12480
Lista wierzcholkow: 
[59, 61, 76, 22, 97, 90, 44, 31, 10, 14, 16, 73, 20, 58, 71, 9, 83, 35, 37, 23, 17, 78, 52, 87, 15, 21, 93, 69, 65, 64, 3, 96, 55, 79, 30, 88, 41, 7, 91, 0, 62, 5, 48, 89, 18, 74, 25, 98, 46, 92]
Dlugosc cyklu (przed ostatnim dodaniem):  13532
Dlugosc cyklu:  14403
Lista wierzcholkow: 
[49, 43, 72, 67, 84, 38, 29, 95, 77, 51, 4, 36, 32, 75, 12, 94, 81, 1, 53, 39, 63, 68, 80, 24, 60, 50, 86, 8, 6, 56, 19, 11, 26, 85, 34, 61, 59, 76, 22, 97, 90, 44, 31, 10, 14, 16, 73, 20, 58, 71]
Dlugosc cyklu (przed ostatnim dodaniem):  9386
Dlugosc cyklu:  11794
Lista wierzcholkow: 
[41, 88, 30, 79, 55, 96, 74, 18, 52, 78, 17, 23, 37, 35, 98, 83, 9, 71, 20, 73, 58, 16, 14, 10, 31, 90, 97, 22, 44, 46, 62, 5, 48, 89, 91, 7, 0, 92, 27, 66, 57, 60, 24, 80, 68, 72, 49, 43, 1, 53]
Dlugosc cyklu (przed ostatnim dodaniem):  11301
Dlugosc cyklu:  12506
Lista wierzcholkow: 
[77, 51, 95, 4, 36, 32, 75, 12, 94, 81, 49, 43, 72, 67, 84, 38, 29, 47, 99, 70, 40, 13, 2, 45, 28, 33, 82, 54, 11, 26, 85, 34, 19, 56, 6, 8, 86, 50, 60, 24, 80, 68, 63, 39, 53, 1, 66, 27, 92, 57]
Dlugosc cyklu (przed ostatnim dodaniem):  10549
Dlugosc cyklu:  12276
Lista wierzcholkow: 
[65, 64, 3, 96, 55, 79, 30, 88, 41, 7, 91, 0, 62, 5, 48, 89, 9, 83, 71, 20, 73, 58, 16, 14, 10, 31, 90, 97, 22, 44, 46, 92, 27, 66, 57, 60, 24, 80, 68, 72, 49, 43, 1, 53, 39, 63, 67, 84, 38, 29]
Dlugosc cyklu (przed ostatnim dodaniem):  10798
Dlugosc cyklu:  14159
Lista wierzcholkow: 
[97, 90, 44, 22, 59, 61, 76, 19, 11, 26, 85, 34, 56, 6, 8, 86, 50, 60, 24, 80, 68, 72, 49, 43, 1, 53, 39, 63, 67, 84, 38, 29, 95, 77, 51, 4, 36, 32, 75, 12, 94, 81, 47, 99, 70, 40, 13, 2, 45, 28]
Dlugosc cyklu (przed ostatnim dodaniem):  11015
Dlugosc cyklu:  12681
Lista wierzcholkow: 
[78, 52, 87, 15, 21, 93, 69, 65, 64, 3, 96, 55, 79, 30, 88, 41, 7, 91, 0, 62, 5, 48, 89, 9, 83, 71, 20, 73, 58, 16, 14, 10, 31, 90, 97, 22, 44, 46, 92, 27, 66, 57, 60, 24, 80, 68, 72, 49, 43, 1]
Dlugosc cyklu (przed ostatnim dodaniem):  10291
Dlugosc cyklu:  12938
Lista wierzcholkow: 
[40, 70, 99, 47, 13, 2, 45, 28, 33, 82, 54, 11, 26, 85, 34, 19, 56, 6, 8, 86, 50, 60, 24, 80, 68, 72, 49, 43, 1, 53, 39, 63, 67, 84, 38, 29, 95, 77, 51, 4, 36, 32, 75, 12, 94, 81, 57, 27, 92, 66]
Dlugosc cyklu (przed ostatnim dodaniem):  10891
Dlugosc cyklu:  13186
Lista wierzcholkow: 
[25, 64, 65, 3, 96, 55, 79, 30, 88, 41, 7, 91, 0, 62, 5, 48, 89, 9, 83, 71, 20, 73, 58, 16, 14, 10, 31, 90, 97, 22, 44, 46, 92, 27, 66, 57, 60, 24, 80, 68, 72, 49, 43, 1, 53, 39, 63, 67, 84, 38]
Dlugosc cyklu (przed ostatnim dodaniem):  10889
Dlugosc cyklu:  14285
Lista wierzcholkow: 
[67, 84, 38, 29, 95, 77, 51, 4, 36, 32, 75, 12, 94, 81, 49, 43, 72, 68, 63, 39, 53, 1, 80, 24, 60, 50, 86, 8, 6, 56, 19, 11, 26, 85, 34, 61, 59, 76, 22, 97, 90, 44, 31, 10, 14, 16, 73, 20, 58, 71]
Dlugosc cyklu (przed ostatnim dodaniem):  9897
Dlugosc cyklu:  12151
Lista wierzcholkow: 
[69, 21, 15, 87, 93, 17, 23, 37, 35, 98, 83, 9, 71, 20, 73, 58, 16, 14, 10, 31, 90, 97, 22, 44, 46, 62, 5, 48, 89, 78, 52, 18, 74, 96, 55, 79, 30, 88, 41, 7, 91, 0, 92, 27, 66, 57, 60, 24, 80, 68]
Dlugosc cyklu (przed ostatnim dodaniem):  10608
Dlugosc cyklu:  13163
Lista wierzcholkow: 
[81, 94, 12, 32, 75, 36, 4, 77, 51, 95, 38, 29, 47, 99, 70, 40, 13, 2, 45, 28, 33, 82, 54, 11, 26, 85, 34, 19, 56, 6, 8, 86, 50, 60, 24, 80, 68, 72, 49, 43, 1, 53, 39, 63, 67, 84, 42, 61, 59, 76]
Dlugosc cyklu (przed ostatnim dodaniem):  11326
Dlugosc cyklu:  13252
Lista wierzcholkow: 
[91, 7, 41, 88, 30, 79, 55, 96, 74, 18, 52, 78, 17, 23, 37, 35, 98, 83, 9, 71, 20, 73, 58, 16, 14, 10, 31, 90, 97, 22, 44, 46, 62, 5, 48, 89, 87, 15, 21, 93, 69, 65, 64, 3, 25, 0, 92, 27, 66, 57]
Dlugosc cyklu (przed ostatnim dodaniem):  12267
Dlugosc cyklu:  13218
Lista wierzcholkow: 
[45, 2, 42, 28, 13, 70, 40, 99, 47, 51, 77, 95, 4, 36, 32, 75, 12, 94, 81, 49, 43, 72, 67, 84, 38, 29, 33, 82, 54, 11, 26, 85, 34, 19, 56, 6, 8, 86, 50, 60, 24, 80, 68, 63, 39, 53, 1, 66, 27, 92]
Dlugosc cyklu (przed ostatnim dodaniem):  10922
Dlugosc cyklu:  12631
Lista wierzcholkow: 
[68, 72, 49, 43, 1, 53, 39, 63, 80, 24, 60, 50, 86, 8, 6, 56, 19, 11, 26, 85, 34, 61, 59, 76, 22, 97, 90, 44, 31, 10, 14, 16, 73, 20, 58, 71, 9, 83, 35, 37, 23, 17, 78, 52, 87, 15, 21, 93, 69, 65]
Dlugosc cyklu (przed ostatnim dodaniem):  9347
Dlugosc cyklu:  11693
Lista wierzcholkow: 
[88, 41, 30, 79, 55, 96, 74, 18, 52, 78, 17, 23, 37, 35, 98, 83, 9, 71, 20, 73, 58, 16, 14, 10, 31, 90, 97, 22, 44, 46, 62, 5, 48, 89, 91, 7, 0, 92, 27, 66, 57, 60, 24, 80, 68, 72, 49, 43, 1, 53]
Dlugosc cyklu (przed ostatnim dodaniem):  11342
Dlugosc cyklu:  12432
Lista wierzcholkow: 
[74, 18, 52, 78, 17, 23, 37, 35, 98, 83, 9, 71, 20, 73, 58, 16, 14, 10, 31, 90, 97, 22, 44, 46, 62, 5, 48, 89, 91, 7, 41, 88, 30, 79, 55, 96, 3, 64, 65, 25, 69, 21, 15, 87, 93, 0, 92, 27, 66, 57]
Dlugosc cyklu (przed ostatnim dodaniem):  12232
Dlugosc cyklu:  13541
Lista wierzcholkow: 
[94, 12, 32, 75, 81, 49, 43, 72, 67, 84, 38, 29, 95, 77, 51, 4, 36, 47, 99, 70, 40, 13, 2, 45, 28, 33, 82, 54, 11, 26, 85, 34, 19, 56, 6, 8, 86, 50, 60, 24, 80, 68, 63, 39, 53, 1, 66, 27, 92, 57]
Dlugosc cyklu (przed ostatnim dodaniem):  10941
Dlugosc cyklu:  12747
Lista wierzcholkow: 
[31, 10, 14, 16, 73, 20, 58, 71, 9, 83, 35, 37, 23, 17, 78, 52, 87, 15, 21, 93, 69, 65, 64, 3, 96, 55, 79, 30, 88, 41, 7, 91, 0, 62, 5, 48, 89, 18, 74, 25, 98, 46, 90, 97, 22, 44, 59, 61, 76, 19]
Dlugosc cyklu (przed ostatnim dodaniem):  13724
Dlugosc cyklu:  14877
Lista wierzcholkow: 
[89, 48, 5, 62, 0, 91, 7, 41, 88, 30, 79, 55, 96, 74, 18, 52, 78, 17, 23, 37, 35, 98, 83, 9, 71, 20, 73, 58, 16, 14, 10, 31, 90, 97, 22, 44, 46, 92, 27, 66, 57, 60, 24, 80, 68, 72, 49, 43, 1, 53]
Dlugosc cyklu (przed ostatnim dodaniem):  10866
Dlugosc cyklu:  12853
Lista wierzcholkow: 
[80, 24, 60, 50, 86, 8, 6, 56, 19, 11, 26, 85, 34, 61, 59, 76, 22, 97, 90, 44, 31, 10, 14, 16, 73, 20, 58, 71, 9, 83, 35, 37, 23, 17, 78, 52, 87, 15, 21, 93, 69, 65, 64, 3, 96, 55, 79, 30, 88, 41]
Dlugosc cyklu (przed ostatnim dodaniem):  8879
Dlugosc cyklu:  10298
Lista wierzcholkow: 
[62, 5, 48, 89, 9, 83, 71, 20, 73, 58, 16, 14, 10, 31, 90, 97, 22, 44, 46, 0, 91, 7, 41, 88, 30, 79, 55, 96, 74, 18, 52, 78, 17, 23, 37, 35, 98, 93, 21, 15, 87, 69, 65, 64, 3, 25, 66, 27, 92, 57]
Dlugosc cyklu (przed ostatnim dodaniem):  12440
Dlugosc cyklu:  13425
Lista wierzcholkow: 
[82, 54, 33, 28, 45, 2, 42, 13, 70, 40, 99, 47, 51, 77, 95, 4, 36, 32, 75, 12, 94, 81, 49, 43, 72, 67, 84, 38, 29, 8, 6, 56, 86, 50, 60, 24, 80, 68, 63, 39, 53, 1, 66, 27, 92, 57, 76, 59, 61, 85]
Dlugosc cyklu (przed ostatnim dodaniem):  11909
Dlugosc cyklu:  12337
Lista wierzcholkow: 
[26, 85, 34, 19, 11, 6, 8, 56, 86, 50, 60, 24, 80, 68, 72, 49, 43, 1, 53, 39, 63, 67, 84, 38, 29, 95, 77, 51, 4, 36, 32, 75, 12, 94, 81, 47, 99, 70, 40, 13, 2, 45, 28, 33, 82, 54, 42, 61, 59, 76]
Dlugosc cyklu (przed ostatnim dodaniem):  11799
Dlugosc cyklu:  12340
Lista wierzcholkow: 
[84, 67, 72, 49, 43, 1, 53, 39, 63, 68, 80, 24, 60, 50, 86, 8, 6, 56, 19, 11, 26, 85, 34, 61, 59, 76, 22, 97, 90, 44, 31, 10, 14, 16, 73, 20, 58, 71, 9, 83, 35, 37, 23, 17, 78, 52, 87, 15, 21, 93]
Dlugosc cyklu (przed ostatnim dodaniem):  8762
Dlugosc cyklu:  11855
Lista wierzcholkow: 
[35, 37, 23, 17, 78, 52, 87, 15, 21, 93, 69, 65, 64, 3, 96, 55, 79, 30, 88, 41, 7, 91, 0, 62, 5, 48, 89, 9, 83, 71, 20, 73, 58, 16, 14, 10, 31, 90, 97, 22, 44, 46, 92, 27, 66, 57, 60, 24, 80, 68]
Dlugosc cyklu (przed ostatnim dodaniem):  10134
Dlugosc cyklu:  12500
Lista wierzcholkow: 
[53, 39, 63, 68, 72, 49, 43, 1, 81, 94, 12, 32, 75, 36, 4, 77, 51, 95, 38, 29, 47, 99, 70, 40, 13, 2, 45, 28, 33, 82, 54, 11, 26, 85, 34, 19, 56, 6, 8, 86, 50, 60, 24, 80, 67, 84, 42, 61, 59, 76]
Dlugosc cyklu (przed ostatnim dodaniem):  11332
Dlugosc cyklu:  12855
