First vertex:  5
Lista wierzcholkow: 
[5, 71, 58, 16, 31, 90, 22, 59, 61, 34, 19, 6, 54, 42, 40, 99, 47, 29, 38, 95, 4, 32, 94, 81, 49, 1, 53, 68, 80, 60, 57, 66, 0, 91, 7, 41, 30, 55, 96, 18, 3, 65, 69, 21, 93, 17, 23, 35, 83, 48]
Dlugosc cyklu:
15766
First vertex:  73
Lista wierzcholkow: 
[73, 16, 31, 90, 22, 59, 61, 34, 26, 11, 8, 33, 28, 42, 40, 99, 47, 29, 38, 95, 4, 32, 94, 81, 49, 1, 53, 68, 24, 66, 92, 0, 48, 7, 41, 79, 55, 96, 3, 25, 69, 21, 52, 78, 17, 37, 35, 9, 71, 20]
Dlugosc cyklu:
16000
First vertex:  52
Lista wierzcholkow: 
[52, 15, 69, 64, 96, 55, 79, 41, 7, 91, 48, 0, 92, 66, 57, 50, 24, 68, 53, 1, 49, 81, 94, 32, 4, 95, 38, 29, 47, 99, 40, 42, 28, 33, 82, 8, 11, 26, 34, 61, 59, 22, 90, 31, 16, 58, 98, 23, 17, 78]
Dlugosc cyklu:
15768
First vertex:  75
Lista wierzcholkow: 
[75, 94, 81, 1, 63, 68, 67, 80, 60, 57, 66, 0, 62, 91, 7, 88, 79, 55, 96, 18, 3, 25, 69, 93, 17, 23, 98, 9, 71, 73, 10, 31, 44, 22, 59, 61, 34, 19, 6, 54, 33, 45, 2, 13, 99, 47, 29, 51, 4, 32]
Dlugosc cyklu:
15858
First vertex:  99
Lista wierzcholkow: 
[99, 47, 29, 38, 77, 36, 75, 94, 81, 1, 63, 68, 67, 80, 60, 57, 66, 0, 62, 91, 7, 41, 30, 55, 96, 18, 3, 65, 69, 21, 93, 17, 23, 98, 35, 9, 71, 58, 14, 31, 44, 22, 59, 61, 34, 19, 6, 54, 42, 70]
Dlugosc cyklu:
15762
First vertex:  17
Lista wierzcholkow: 
[17, 78, 52, 21, 69, 65, 3, 18, 96, 55, 79, 41, 7, 91, 5, 0, 92, 66, 24, 68, 53, 1, 49, 81, 94, 32, 4, 95, 38, 29, 47, 99, 40, 42, 28, 33, 8, 26, 34, 61, 59, 22, 90, 31, 16, 73, 71, 9, 35, 23]
Dlugosc cyklu:
15820
First vertex:  19
Lista wierzcholkow: 
[19, 61, 59, 22, 44, 31, 14, 20, 71, 9, 35, 37, 17, 78, 52, 21, 69, 25, 3, 18, 96, 55, 79, 41, 7, 91, 5, 0, 27, 66, 24, 68, 53, 1, 49, 81, 94, 32, 4, 95, 38, 29, 47, 99, 40, 42, 28, 33, 54, 11]
Dlugosc cyklu:
15860
First vertex:  91
Lista wierzcholkow: 
[91, 48, 74, 96, 3, 65, 69, 15, 52, 78, 17, 23, 98, 83, 71, 58, 10, 31, 44, 22, 59, 61, 34, 19, 6, 54, 33, 28, 42, 40, 99, 47, 29, 38, 95, 4, 32, 94, 81, 49, 1, 53, 68, 80, 60, 57, 92, 66, 88, 7]
Dlugosc cyklu:
15799
First vertex:  8
Lista wierzcholkow: 
[8, 80, 76, 59, 22, 44, 31, 16, 58, 71, 9, 35, 98, 37, 23, 17, 78, 93, 21, 69, 65, 64, 3, 96, 74, 48, 91, 7, 79, 88, 66, 39, 72, 49, 81, 94, 75, 36, 51, 38, 29, 47, 99, 40, 42, 28, 33, 54, 11, 6]
Dlugosc cyklu:
15943
First vertex:  37
Lista wierzcholkow: 
[37, 35, 83, 71, 58, 16, 31, 97, 59, 61, 34, 26, 11, 8, 33, 28, 42, 40, 99, 47, 29, 38, 95, 4, 32, 94, 81, 49, 1, 53, 68, 24, 66, 92, 0, 5, 91, 7, 41, 79, 55, 96, 18, 3, 65, 69, 87, 78, 17, 23]
Dlugosc cyklu:
15643
First vertex:  90
Lista wierzcholkow: 
[90, 31, 10, 20, 71, 9, 35, 23, 17, 78, 87, 69, 65, 3, 18, 96, 55, 79, 88, 7, 91, 5, 0, 27, 66, 57, 60, 80, 68, 53, 1, 49, 81, 94, 32, 4, 51, 29, 47, 99, 13, 2, 45, 33, 8, 11, 85, 61, 59, 97]
Dlugosc cyklu:
15036
First vertex:  57
Lista wierzcholkow: 
[57, 60, 80, 67, 68, 63, 1, 81, 94, 32, 36, 51, 29, 47, 99, 40, 42, 28, 54, 6, 19, 34, 61, 59, 22, 44, 31, 16, 58, 71, 83, 98, 23, 17, 93, 21, 69, 65, 3, 18, 74, 96, 55, 79, 41, 7, 91, 5, 0, 27]
Dlugosc cyklu:
15661
First vertex:  41
Lista wierzcholkow: 
[41, 55, 96, 18, 3, 65, 69, 21, 93, 17, 23, 98, 35, 9, 71, 73, 10, 31, 44, 22, 59, 61, 34, 19, 6, 54, 42, 40, 99, 47, 29, 38, 95, 4, 32, 94, 81, 49, 1, 53, 68, 80, 60, 57, 66, 0, 62, 91, 7, 88]
Dlugosc cyklu:
15656
First vertex:  53
Lista wierzcholkow: 
[53, 80, 60, 57, 66, 92, 0, 48, 91, 7, 41, 30, 55, 96, 18, 3, 25, 69, 21, 87, 52, 78, 17, 23, 98, 58, 14, 31, 44, 22, 59, 61, 34, 19, 8, 33, 45, 2, 13, 99, 47, 29, 51, 4, 32, 94, 81, 49, 72, 39]
Dlugosc cyklu:
15910
First vertex:  9
Lista wierzcholkow: 
[9, 48, 74, 18, 52, 87, 69, 65, 3, 96, 55, 79, 88, 7, 91, 0, 66, 57, 60, 80, 68, 53, 43, 81, 94, 32, 4, 95, 38, 29, 47, 99, 40, 42, 28, 54, 6, 19, 34, 61, 59, 22, 44, 31, 10, 58, 98, 37, 17, 83]
Dlugosc cyklu:
16060
First vertex:  66
Lista wierzcholkow: 
[66, 57, 50, 80, 68, 53, 1, 49, 81, 94, 32, 4, 51, 38, 29, 47, 99, 13, 2, 45, 33, 54, 6, 19, 34, 61, 59, 22, 90, 31, 16, 58, 98, 23, 17, 78, 52, 15, 69, 25, 3, 96, 55, 79, 41, 7, 91, 5, 0, 27]
Dlugosc cyklu:
15748
First vertex:  48
Lista wierzcholkow: 
[48, 83, 35, 23, 17, 93, 21, 69, 65, 3, 18, 96, 55, 30, 41, 7, 91, 0, 66, 57, 60, 80, 68, 53, 1, 49, 81, 94, 32, 4, 95, 38, 29, 47, 99, 40, 42, 54, 6, 19, 34, 61, 59, 22, 90, 31, 16, 58, 71, 5]
Dlugosc cyklu:
15766
First vertex:  46
Lista wierzcholkow: 
[46, 73, 35, 37, 17, 78, 52, 15, 69, 65, 64, 3, 96, 55, 79, 41, 7, 91, 5, 0, 66, 57, 60, 80, 68, 53, 1, 49, 81, 94, 32, 4, 95, 38, 29, 47, 99, 40, 42, 28, 33, 54, 6, 19, 34, 61, 59, 22, 44, 31]
Dlugosc cyklu:
15352
First vertex:  24
Lista wierzcholkow: 
[24, 86, 56, 76, 61, 34, 26, 11, 82, 33, 28, 42, 40, 99, 47, 29, 38, 95, 4, 32, 94, 81, 43, 39, 88, 79, 55, 96, 18, 3, 65, 69, 21, 87, 52, 78, 17, 23, 35, 58, 10, 31, 90, 46, 62, 91, 0, 92, 57, 80]
Dlugosc cyklu:
15668
First vertex:  26
Lista wierzcholkow: 
[26, 11, 54, 33, 45, 2, 13, 99, 47, 29, 38, 77, 36, 32, 94, 81, 43, 72, 67, 80, 60, 57, 66, 0, 62, 91, 7, 88, 79, 55, 96, 74, 18, 64, 69, 21, 93, 17, 37, 35, 9, 71, 20, 14, 31, 44, 22, 76, 61, 85]
Dlugosc cyklu:
14571
First vertex:  82
Lista wierzcholkow: 
[82, 42, 40, 99, 47, 29, 38, 95, 4, 32, 94, 81, 49, 1, 39, 68, 24, 50, 57, 27, 0, 5, 91, 7, 41, 30, 55, 96, 18, 3, 65, 69, 21, 93, 17, 23, 98, 9, 71, 73, 10, 31, 44, 22, 59, 61, 34, 26, 11, 54]
Dlugosc cyklu:
15250
First vertex:  98
Lista wierzcholkow: 
[98, 23, 17, 93, 69, 65, 3, 18, 96, 55, 79, 41, 7, 91, 5, 0, 92, 66, 24, 68, 53, 1, 49, 81, 94, 32, 4, 95, 38, 29, 47, 99, 40, 42, 28, 33, 8, 11, 26, 34, 61, 59, 22, 44, 31, 16, 58, 71, 83, 35]
Dlugosc cyklu:
15940
First vertex:  95
Lista wierzcholkow: 
[95, 36, 32, 94, 81, 1, 63, 68, 67, 80, 60, 57, 66, 0, 62, 91, 7, 88, 79, 55, 96, 18, 3, 25, 69, 93, 17, 37, 35, 9, 71, 20, 14, 31, 44, 22, 59, 61, 34, 19, 6, 54, 33, 45, 2, 13, 99, 47, 29, 77]
Dlugosc cyklu:
15580
First vertex:  60
Lista wierzcholkow: 
[60, 57, 66, 0, 62, 91, 7, 41, 30, 55, 96, 18, 3, 25, 69, 21, 52, 78, 17, 23, 98, 58, 10, 31, 44, 22, 59, 61, 34, 19, 6, 54, 33, 45, 2, 13, 99, 47, 29, 77, 36, 32, 94, 81, 1, 39, 68, 72, 84, 24]
Dlugosc cyklu:
15907
First vertex:  49
Lista wierzcholkow: 
[49, 81, 94, 32, 36, 51, 29, 47, 99, 40, 42, 28, 33, 82, 56, 19, 34, 61, 76, 97, 44, 31, 14, 58, 71, 9, 98, 23, 17, 93, 21, 69, 64, 18, 74, 96, 55, 79, 88, 7, 91, 62, 0, 66, 57, 60, 80, 67, 72, 43]
Dlugosc cyklu:
15834
First vertex:  76
Lista wierzcholkow: 
[76, 99, 59, 22, 97, 90, 31, 16, 58, 20, 71, 9, 35, 98, 37, 23, 17, 78, 93, 21, 69, 25, 3, 18, 74, 96, 55, 79, 41, 7, 91, 5, 0, 27, 57, 68, 63, 53, 1, 81, 94, 75, 36, 95, 38, 49, 67, 80, 60, 50]
Dlugosc cyklu:
18194
First vertex:  92
Lista wierzcholkow: 
[92, 0, 5, 91, 7, 41, 79, 55, 96, 3, 25, 69, 15, 52, 78, 17, 23, 98, 58, 16, 31, 90, 22, 59, 61, 34, 19, 6, 54, 33, 45, 2, 13, 99, 47, 29, 51, 4, 32, 94, 81, 49, 1, 53, 68, 80, 50, 57, 66, 27]
Dlugosc cyklu:
15512
First vertex:  44
Lista wierzcholkow: 
[44, 61, 19, 6, 82, 42, 99, 47, 29, 95, 4, 32, 94, 81, 49, 1, 53, 80, 66, 27, 90, 46, 0, 91, 7, 41, 88, 30, 79, 55, 96, 74, 18, 3, 25, 69, 21, 87, 52, 78, 17, 23, 37, 98, 35, 83, 9, 71, 73, 14]
Dlugosc cyklu:
16647
First vertex:  6
Lista wierzcholkow: 
[6, 11, 54, 33, 28, 42, 40, 99, 47, 29, 38, 51, 36, 75, 94, 81, 49, 72, 39, 66, 88, 79, 7, 91, 48, 74, 96, 3, 64, 65, 69, 21, 93, 78, 17, 23, 37, 98, 35, 9, 71, 58, 16, 31, 44, 22, 59, 76, 80, 8]
Dlugosc cyklu:
15943
First vertex:  42
Lista wierzcholkow: 
[42, 82, 6, 85, 61, 59, 22, 44, 31, 14, 58, 71, 9, 35, 98, 23, 17, 78, 52, 21, 69, 64, 96, 55, 79, 41, 7, 91, 48, 0, 66, 57, 60, 80, 84, 72, 68, 39, 1, 81, 94, 75, 36, 51, 38, 29, 47, 99, 13, 2]
Dlugosc cyklu:
16144
First vertex:  64
Lista wierzcholkow: 
[64, 3, 18, 96, 55, 79, 41, 7, 91, 48, 0, 92, 66, 24, 68, 53, 1, 49, 81, 94, 32, 4, 95, 38, 29, 47, 99, 40, 42, 28, 33, 82, 8, 11, 26, 34, 61, 59, 22, 44, 31, 16, 58, 98, 23, 17, 93, 21, 69, 65]
Dlugosc cyklu:
15595
First vertex:  51
Lista wierzcholkow: 
[51, 29, 47, 99, 13, 2, 45, 33, 54, 6, 19, 34, 61, 59, 22, 90, 46, 16, 58, 71, 35, 23, 17, 78, 52, 21, 69, 25, 3, 96, 55, 79, 88, 7, 91, 62, 0, 66, 57, 60, 80, 68, 53, 1, 49, 81, 94, 32, 36, 77]
Dlugosc cyklu:
15696
First vertex:  78
Lista wierzcholkow: 
[78, 17, 23, 98, 58, 16, 31, 90, 22, 59, 61, 34, 26, 11, 8, 82, 33, 28, 42, 40, 99, 47, 29, 38, 95, 4, 32, 94, 81, 49, 1, 53, 68, 24, 50, 57, 66, 92, 0, 48, 91, 7, 41, 79, 55, 96, 64, 69, 15, 52]
Dlugosc cyklu:
15768
First vertex:  63
Lista wierzcholkow: 
[63, 72, 49, 81, 94, 32, 4, 95, 38, 29, 47, 99, 40, 42, 54, 6, 19, 34, 61, 59, 22, 44, 31, 14, 58, 71, 9, 35, 23, 17, 78, 52, 21, 69, 64, 96, 55, 79, 41, 7, 91, 48, 0, 92, 66, 57, 60, 80, 68, 39]
Dlugosc cyklu:
15331
First vertex:  43
Lista wierzcholkow: 
[43, 72, 67, 80, 60, 57, 66, 0, 62, 91, 7, 88, 79, 55, 96, 74, 18, 64, 69, 21, 93, 17, 23, 98, 9, 71, 58, 14, 31, 44, 97, 76, 61, 34, 19, 56, 82, 33, 28, 42, 40, 99, 47, 29, 51, 36, 32, 94, 81, 49]
Dlugosc cyklu:
15834
First vertex:  27
Lista wierzcholkow: 
[27, 66, 57, 50, 80, 68, 53, 1, 49, 81, 94, 32, 4, 51, 29, 47, 99, 13, 2, 45, 33, 54, 6, 19, 34, 61, 59, 22, 90, 31, 16, 58, 98, 23, 17, 78, 52, 15, 69, 25, 3, 96, 55, 79, 41, 7, 91, 5, 0, 92]
Dlugosc cyklu:
15512
First vertex:  34
Lista wierzcholkow: 
[34, 54, 33, 28, 42, 40, 99, 47, 29, 38, 95, 4, 32, 94, 81, 1, 63, 68, 67, 80, 60, 57, 66, 0, 62, 91, 7, 88, 79, 55, 96, 18, 3, 65, 69, 87, 78, 17, 23, 35, 9, 20, 14, 31, 44, 22, 59, 61, 56, 85]
Dlugosc cyklu:
16091
First vertex:  18
Lista wierzcholkow: 
[18, 3, 65, 69, 21, 52, 78, 17, 23, 98, 35, 9, 71, 58, 14, 31, 44, 22, 59, 61, 34, 19, 6, 54, 42, 40, 99, 47, 29, 38, 95, 4, 32, 94, 81, 43, 53, 68, 80, 60, 57, 66, 0, 62, 91, 7, 88, 79, 55, 74]
Dlugosc cyklu:
15915
First vertex:  50
Lista wierzcholkow: 
[50, 76, 59, 22, 90, 31, 16, 73, 71, 9, 35, 37, 17, 78, 52, 15, 69, 65, 3, 18, 74, 96, 55, 79, 88, 7, 91, 62, 0, 92, 66, 53, 43, 81, 94, 32, 4, 95, 38, 29, 47, 99, 40, 42, 28, 33, 54, 26, 6, 86]
Dlugosc cyklu:
15584
First vertex:  70
Lista wierzcholkow: 
[70, 99, 47, 29, 51, 36, 75, 94, 81, 49, 1, 53, 68, 80, 50, 57, 66, 92, 0, 48, 91, 7, 41, 30, 55, 96, 18, 3, 25, 69, 21, 93, 17, 23, 35, 58, 14, 31, 44, 22, 76, 61, 34, 19, 6, 54, 33, 28, 2, 40]
Dlugosc cyklu:
15873
First vertex:  58
Lista wierzcholkow: 
[58, 16, 22, 61, 19, 54, 42, 99, 29, 4, 94, 49, 53, 66, 92, 46, 73, 20, 71, 9, 89, 48, 5, 62, 0, 91, 7, 41, 88, 30, 79, 55, 74, 18, 96, 3, 64, 25, 65, 69, 21, 93, 87, 52, 78, 17, 23, 37, 98, 35]
Dlugosc cyklu:
16714
First vertex:  33
Lista wierzcholkow: 
[33, 28, 42, 40, 99, 47, 29, 38, 95, 4, 32, 94, 81, 49, 1, 53, 68, 80, 50, 57, 27, 0, 5, 91, 7, 88, 79, 55, 96, 74, 18, 64, 69, 21, 93, 17, 37, 35, 58, 10, 31, 90, 22, 76, 61, 34, 26, 11, 8, 82]
Dlugosc cyklu:
15469
First vertex:  77
Lista wierzcholkow: 
[77, 36, 32, 94, 81, 49, 1, 53, 68, 80, 60, 57, 66, 0, 62, 91, 7, 88, 79, 55, 96, 3, 25, 69, 21, 52, 78, 17, 23, 35, 71, 58, 16, 46, 90, 22, 59, 61, 34, 19, 6, 54, 33, 45, 2, 13, 99, 47, 29, 51]
Dlugosc cyklu:
15696
First vertex:  72
Lista wierzcholkow: 
[72, 68, 80, 60, 57, 66, 0, 62, 91, 7, 88, 79, 55, 96, 18, 3, 25, 69, 21, 93, 17, 23, 98, 9, 71, 73, 10, 31, 44, 22, 59, 61, 34, 19, 6, 54, 33, 45, 2, 13, 99, 47, 29, 51, 36, 75, 94, 81, 1, 49]
Dlugosc cyklu:
15557
First vertex:  85
Lista wierzcholkow: 
[85, 61, 76, 22, 44, 31, 14, 20, 71, 9, 35, 37, 17, 93, 21, 69, 64, 18, 74, 96, 55, 79, 88, 7, 91, 62, 0, 66, 57, 60, 80, 67, 72, 43, 81, 94, 32, 36, 77, 38, 29, 47, 99, 13, 2, 45, 33, 54, 11, 26]
Dlugosc cyklu:
14571
First vertex:  32
Lista wierzcholkow: 
[32, 4, 51, 29, 47, 99, 13, 2, 45, 33, 54, 6, 19, 34, 61, 59, 22, 44, 31, 10, 73, 71, 9, 98, 23, 17, 93, 69, 25, 3, 18, 96, 55, 79, 88, 7, 91, 62, 0, 66, 57, 60, 80, 67, 68, 63, 1, 81, 94, 75]
Dlugosc cyklu:
15858
First vertex:  20
Lista wierzcholkow: 
[20, 71, 9, 35, 37, 17, 78, 52, 21, 69, 25, 3, 96, 55, 79, 41, 7, 48, 0, 92, 66, 24, 68, 53, 1, 49, 81, 94, 32, 4, 95, 38, 29, 47, 99, 40, 42, 28, 33, 8, 11, 26, 34, 61, 59, 22, 90, 31, 16, 73]
Dlugosc cyklu:
16000
First vertex:  45
Lista wierzcholkow: 
[45, 33, 54, 6, 85, 61, 59, 22, 44, 31, 14, 58, 71, 9, 35, 98, 23, 17, 21, 52, 18, 74, 96, 55, 30, 41, 7, 91, 62, 0, 92, 66, 57, 60, 80, 68, 63, 72, 49, 81, 94, 32, 36, 51, 38, 29, 47, 99, 13, 2]
Dlugosc cyklu:
14857
First vertex:  59
Lista wierzcholkow: 
[59, 97, 31, 14, 58, 71, 9, 35, 98, 23, 17, 93, 21, 69, 65, 3, 18, 74, 96, 55, 79, 88, 7, 91, 62, 0, 66, 57, 60, 80, 67, 68, 63, 1, 81, 94, 75, 36, 51, 29, 47, 99, 40, 42, 28, 54, 6, 19, 34, 61]
Dlugosc cyklu:
16099
First vertex:  36
Lista wierzcholkow: 
[36, 75, 94, 81, 1, 63, 68, 67, 80, 60, 57, 66, 0, 62, 91, 7, 88, 79, 55, 96, 18, 3, 25, 69, 21, 93, 17, 23, 98, 9, 71, 58, 14, 31, 44, 97, 76, 61, 34, 19, 56, 82, 42, 40, 99, 47, 29, 38, 95, 4]
Dlugosc cyklu:
16580
