0: [89, 54, 107, 66, 42, 19, 157, 97, 77, 167, 150, 196, 31, 140, 148, 20, 78, 21, 165, 142, 79, 46, 32, 44, 144, 108, 195, 9, 120, 14, 194, 50, 47, 39, 75, 127, 73, 153, 118, 8, 131, 160, 18, 164, 114, 11, 186, 168, 170, 71, 124, 111, 133, 175, 98, 163, 63, 36, 156, 100, 199, 173, 1, 143, 99, 92, 116, 76, 178, 67, 58, 110, 152, 159, 119, 130, 188, 96, 169, 10, 151, 27, 122, 0, 91, 45, 197, 147, 135, 171, 57, 184, 69, 192, 83, 101, 48, 6, 85, 185]
165051
1: [175, 139, 134, 99, 89, 52, 18, 98, 93, 172, 158, 92, 16, 42, 150, 4, 40, 78, 95, 198, 11, 51, 191, 167, 122, 108, 21, 188, 17, 55, 46, 87, 69, 157, 84, 185, 80, 119, 2, 133, 193, 56, 22, 77, 8, 66, 125, 25, 163, 70, 59, 91, 192, 159, 171, 73, 38, 195, 39, 146, 86, 127, 20, 156, 45, 189, 26, 160, 81, 174, 116, 88, 117, 131, 68, 177, 27, 48, 124, 79, 3, 97, 170, 118, 53, 109, 0, 151, 15, 178, 129, 161, 120, 76, 28, 194, 82, 106, 179, 63]
177977
2: [33, 150, 170, 79, 57, 194, 66, 90, 19, 44, 13, 50, 163, 135, 53, 146, 34, 27, 151, 32, 41, 56, 7, 96, 167, 189, 85, 55, 126, 62, 198, 18, 197, 8, 128, 75, 172, 51, 158, 175, 165, 140, 29, 6, 1, 2, 154, 178, 166, 49, 17, 61, 14, 132, 184, 15, 67, 48, 98, 125, 82, 182, 185, 52, 65, 141, 196, 190, 108, 117, 81, 173, 107, 68, 169, 24, 70, 37, 145, 160, 104, 74, 78, 64, 39, 89, 176, 45, 171, 159, 133, 20, 124, 136, 110, 63, 9, 111, 115, 155]
153896
3: [144, 15, 77, 89, 51, 19, 4, 3, 121, 26, 153, 156, 49, 176, 29, 114, 170, 108, 148, 107, 159, 179, 152, 197, 115, 117, 105, 81, 5, 90, 6, 157, 172, 75, 56, 175, 94, 166, 141, 173, 62, 113, 85, 79, 142, 167, 9, 185, 65, 199, 84, 181, 0, 93, 184, 88, 71, 73, 171, 193, 192, 80, 58, 188, 101, 45, 46, 82, 133, 27, 169, 164, 138, 16, 64, 134, 17, 37, 116, 98, 57, 67, 155, 187, 97, 154, 50, 129, 132, 7, 68, 38, 183, 59, 191, 28, 186, 47, 182, 36]
160252
4: [181, 142, 105, 71, 132, 87, 10, 195, 26, 136, 40, 93, 77, 194, 129, 68, 91, 111, 69, 32, 58, 81, 82, 43, 145, 150, 161, 183, 189, 197, 107, 19, 96, 6, 134, 170, 45, 28, 116, 48, 112, 89, 174, 31, 55, 61, 78, 57, 108, 137, 97, 65, 187, 171, 20, 154, 163, 42, 175, 101, 127, 23, 118, 50, 164, 196, 18, 95, 102, 29, 41, 106, 176, 199, 62, 186, 80, 156, 17, 172, 119, 115, 7, 185, 124, 1, 188, 74, 131, 37, 135, 85, 9, 184, 193, 0, 25, 49, 104, 191]
149045
5: [58, 178, 161, 144, 63, 165, 92, 131, 134, 167, 187, 89, 141, 135, 71, 17, 24, 85, 74, 168, 112, 19, 189, 143, 120, 38, 160, 103, 20, 137, 14, 54, 125, 111, 31, 147, 133, 2, 162, 55, 87, 188, 18, 26, 97, 186, 149, 106, 16, 88, 176, 174, 35, 196, 138, 66, 39, 42, 22, 198, 69, 150, 110, 179, 99, 151, 158, 62, 68, 116, 50, 105, 127, 30, 75, 7, 156, 91, 41, 177, 27, 70, 146, 72, 84, 164, 115, 80, 104, 100, 94, 113, 40, 43, 148, 173, 1, 29, 183, 117]
176151
6: [137, 162, 69, 58, 71, 76, 28, 77, 181, 60, 104, 172, 51, 64, 94, 93, 102, 37, 120, 52, 119, 191, 163, 173, 122, 148, 160, 2, 78, 196, 192, 107, 95, 115, 139, 140, 65, 112, 42, 158, 193, 161, 155, 183, 75, 197, 179, 38, 145, 156, 128, 127, 62, 153, 121, 59, 135, 134, 136, 97, 54, 36, 88, 6, 44, 86, 61, 33, 47, 185, 178, 146, 50, 24, 57, 132, 98, 138, 21, 103, 109, 30, 126, 1, 190, 7, 81, 73, 53, 4, 198, 8, 118, 142, 175, 22, 19, 113, 40, 70]
165428
7: [105, 18, 5, 2, 100, 131, 170, 34, 168, 104, 127, 81, 158, 187, 91, 101, 152, 50, 109, 12, 20, 194, 49, 73, 39, 128, 86, 65, 171, 155, 44, 64, 36, 111, 112, 78, 14, 119, 115, 29, 154, 140, 10, 195, 67, 129, 88, 161, 142, 30, 79, 26, 174, 58, 130, 92, 172, 11, 108, 87, 22, 192, 180, 1, 151, 59, 4, 175, 164, 106, 47, 55, 89, 6, 27, 134, 177, 123, 153, 160, 68, 107, 99, 141, 83, 116, 103, 51, 37, 75, 199, 54, 169, 94, 52, 16, 42, 74, 145, 28]
155767
8: [179, 144, 67, 122, 33, 134, 21, 127, 59, 190, 167, 95, 105, 42, 0, 36, 34, 10, 79, 1, 39, 91, 32, 108, 173, 107, 133, 40, 176, 5, 48, 119, 195, 113, 63, 166, 191, 37, 160, 19, 53, 46, 81, 87, 186, 7, 171, 199, 71, 118, 192, 116, 159, 26, 41, 136, 97, 24, 66, 44, 153, 117, 78, 106, 120, 130, 185, 96, 172, 6, 164, 23, 43, 55, 150, 17, 64, 110, 93, 9, 30, 99, 168, 112, 15, 145, 60, 8, 92, 47, 178, 131, 57, 51, 146, 165, 77, 38, 177, 83]
165568
9: [74, 97, 58, 53, 2, 75, 56, 40, 158, 138, 55, 57, 179, 187, 123, 161, 199, 4, 16, 172, 42, 112, 192, 162, 184, 3, 151, 94, 145, 102, 127, 62, 105, 146, 39, 140, 91, 89, 90, 85, 79, 186, 7, 180, 114, 118, 115, 121, 34, 181, 178, 8, 132, 109, 0, 65, 103, 29, 47, 197, 196, 126, 148, 195, 134, 70, 176, 136, 156, 15, 169, 155, 88, 147, 60, 173, 141, 21, 33, 124, 69, 86, 10, 38, 110, 170, 116, 71, 44, 153, 51, 129, 168, 117, 106, 68, 50, 174, 198, 171]
162154
10: [58, 150, 6, 133, 11, 134, 82, 46, 54, 66, 97, 25, 53, 93, 103, 128, 48, 192, 87, 68, 96, 139, 18, 164, 196, 188, 94, 80, 120, 19, 113, 23, 158, 2, 172, 162, 60, 95, 14, 62, 24, 129, 90, 148, 98, 12, 156, 76, 178, 130, 117, 184, 143, 56, 195, 189, 1, 107, 175, 110, 163, 7, 69, 138, 152, 79, 81, 187, 35, 84, 106, 142, 176, 181, 166, 22, 70, 186, 40, 91, 27, 114, 118, 124, 3, 42, 4, 125, 52, 75, 74, 180, 169, 47, 55, 102, 101, 123, 157, 122]
176304
11: [134, 180, 89, 45, 135, 130, 86, 68, 155, 58, 124, 101, 71, 23, 10, 145, 116, 13, 120, 21, 171, 75, 27, 169, 40, 147, 96, 193, 114, 146, 80, 7, 61, 175, 79, 24, 92, 179, 48, 50, 85, 12, 149, 177, 170, 121, 139, 76, 164, 113, 148, 94, 32, 18, 173, 57, 109, 22, 53, 110, 17, 65, 83, 178, 192, 176, 5, 127, 6, 26, 152, 15, 98, 88, 141, 35, 168, 136, 196, 34, 46, 189, 198, 41, 111, 91, 52, 82, 199, 181, 2, 154, 132, 122, 125, 163, 144, 81, 105, 56]
177335
12: [16, 46, 141, 170, 55, 30, 9, 102, 94, 184, 169, 142, 36, 91, 156, 185, 186, 72, 73, 6, 98, 188, 8, 0, 90, 93, 25, 84, 75, 60, 5, 154, 149, 181, 136, 106, 132, 182, 34, 79, 2, 104, 43, 135, 31, 134, 40, 45, 69, 56, 115, 166, 77, 100, 48, 187, 89, 15, 88, 163, 96, 112, 99, 28, 85, 39, 86, 17, 192, 50, 49, 26, 27, 148, 175, 76, 117, 147, 164, 108, 103, 191, 168, 42, 59, 7, 151, 129, 177, 194, 110, 183, 174, 68, 4, 54, 155, 37, 109, 81]
165313
13: [20, 55, 194, 116, 155, 23, 33, 10, 191, 96, 29, 15, 183, 8, 39, 64, 163, 166, 199, 138, 18, 197, 66, 62, 104, 158, 110, 188, 120, 47, 173, 44, 14, 131, 89, 35, 178, 171, 168, 126, 75, 25, 40, 151, 94, 169, 80, 88, 137, 63, 196, 7, 146, 48, 21, 198, 17, 69, 61, 167, 123, 82, 4, 115, 152, 106, 124, 90, 59, 87, 72, 180, 41, 12, 36, 45, 134, 98, 117, 6, 133, 112, 125, 74, 118, 37, 22, 53, 127, 46, 145, 149, 70, 105, 71, 142, 119, 0, 108, 78]
191684
14: [59, 126, 184, 36, 44, 80, 48, 189, 111, 62, 109, 180, 140, 4, 65, 15, 188, 28, 130, 176, 50, 104, 171, 181, 138, 147, 43, 117, 173, 12, 186, 199, 108, 168, 8, 54, 88, 190, 113, 46, 93, 74, 92, 1, 77, 165, 122, 103, 121, 78, 34, 170, 61, 26, 20, 42, 18, 134, 160, 166, 86, 35, 87, 39, 141, 53, 179, 191, 187, 127, 154, 60, 76, 0, 82, 71, 145, 161, 139, 30, 38, 116, 112, 107, 105, 153, 167, 40, 128, 75, 3, 41, 131, 178, 115, 177, 106, 197, 136, 21]
153356
15: [96, 167, 74, 105, 66, 175, 179, 50, 79, 36, 109, 49, 21, 11, 58, 197, 186, 153, 9, 161, 5, 138, 155, 194, 151, 30, 47, 134, 182, 185, 86, 4, 6, 34, 68, 154, 112, 147, 133, 141, 156, 28, 198, 191, 160, 125, 64, 170, 189, 61, 99, 177, 143, 159, 87, 54, 118, 82, 121, 10, 42, 0, 113, 110, 13, 163, 166, 97, 178, 7, 84, 59, 176, 69, 51, 114, 136, 94, 168, 88, 73, 22, 15, 78, 199, 60, 39, 2, 41, 72, 135, 171, 152, 146, 8, 26, 140, 1, 126, 130]
163461
16: [13, 95, 183, 4, 146, 126, 104, 49, 25, 119, 191, 192, 54, 160, 26, 67, 107, 73, 27, 58, 145, 154, 108, 195, 66, 123, 61, 144, 72, 164, 22, 60, 11, 143, 7, 118, 47, 147, 17, 110, 176, 86, 5, 88, 76, 33, 197, 6, 30, 156, 158, 59, 122, 19, 42, 84, 81, 35, 36, 112, 124, 127, 125, 131, 106, 172, 182, 68, 159, 23, 100, 34, 57, 180, 78, 56, 179, 87, 75, 82, 168, 185, 0, 63, 24, 46, 44, 74, 171, 96, 77, 50, 149, 130, 70, 85, 134, 71, 37, 9]
156562
17: [165, 161, 179, 64, 109, 146, 35, 147, 25, 55, 98, 144, 48, 111, 43, 178, 142, 14, 120, 103, 176, 155, 2, 4, 82, 5, 185, 156, 134, 66, 122, 85, 162, 143, 1, 140, 8, 168, 124, 102, 186, 50, 83, 65, 118, 67, 11, 33, 187, 121, 91, 110, 163, 181, 19, 130, 152, 170, 47, 90, 53, 97, 197, 70, 44, 131, 20, 101, 158, 95, 32, 154, 183, 198, 173, 76, 29, 52, 133, 37, 145, 40, 92, 62, 54, 59, 81, 175, 80, 104, 79, 126, 74, 199, 15, 41, 73, 190, 26, 189]
156055
18: [107, 121, 179, 87, 158, 170, 101, 149, 42, 35, 5, 181, 186, 142, 154, 165, 69, 97, 164, 119, 187, 92, 146, 66, 195, 102, 117, 123, 156, 19, 70, 50, 74, 25, 96, 9, 124, 169, 27, 126, 56, 137, 116, 105, 80, 76, 155, 13, 40, 63, 132, 173, 28, 65, 78, 178, 111, 22, 103, 39, 160, 115, 67, 60, 18, 104, 3, 194, 98, 171, 192, 130, 46, 145, 64, 10, 34, 93, 108, 71, 82, 23, 41, 99, 166, 131, 182, 14, 112, 86, 75, 36, 2, 193, 90, 15, 141, 59, 189, 1]
163003
19: [190, 128, 53, 38, 72, 18, 64, 102, 120, 144, 21, 99, 187, 168, 87, 86, 96, 104, 32, 10, 195, 101, 159, 179, 133, 49, 9, 105, 155, 19, 57, 177, 51, 58, 185, 119, 192, 29, 80, 112, 26, 83, 180, 113, 97, 36, 114, 118, 184, 30, 150, 56, 8, 95, 139, 59, 191, 122, 79, 100, 41, 67, 181, 61, 109, 6, 175, 11, 107, 28, 147, 160, 106, 0, 3, 171, 37, 173, 75, 170, 70, 85, 111, 193, 129, 153, 50, 35, 117, 189, 178, 13, 98, 165, 158, 169, 22, 188, 138, 154]
162493
20: [112, 107, 108, 93, 120, 191, 183, 5, 140, 154, 96, 123, 166, 27, 100, 74, 77, 99, 109, 17, 14, 46, 81, 198, 146, 50, 78, 4, 57, 66, 98, 169, 179, 102, 167, 137, 92, 28, 59, 158, 121, 139, 21, 73, 38, 197, 156, 168, 177, 85, 142, 20, 171, 129, 56, 22, 1, 150, 2, 10, 135, 24, 174, 75, 61, 147, 0, 114, 115, 37, 195, 153, 70, 60, 151, 186, 144, 23, 67, 97, 157, 132, 55, 189, 133, 122, 164, 52, 161, 190, 39, 106, 79, 44, 25, 8, 33, 145, 68, 15]
158207
21: [69, 183, 104, 137, 13, 150, 167, 120, 64, 169, 116, 181, 119, 0, 67, 186, 8, 66, 198, 196, 51, 194, 160, 5, 55, 80, 60, 30, 178, 17, 99, 131, 15, 76, 152, 59, 57, 125, 158, 128, 50, 185, 90, 6, 163, 177, 102, 184, 82, 121, 176, 187, 81, 113, 46, 48, 25, 107, 54, 192, 10, 74, 130, 36, 87, 70, 53, 161, 190, 199, 33, 159, 89, 156, 154, 109, 85, 142, 20, 100, 180, 35, 97, 93, 179, 126, 112, 155, 52, 45, 170, 27, 136, 157, 19, 127, 77, 79, 105, 149]
169973
22: [40, 74, 190, 167, 83, 158, 139, 14, 22, 124, 147, 104, 199, 165, 109, 177, 170, 136, 115, 149, 111, 164, 126, 142, 69, 27, 62, 193, 129, 61, 128, 48, 173, 65, 11, 43, 42, 169, 132, 195, 59, 154, 112, 181, 98, 176, 95, 157, 92, 97, 23, 75, 57, 2, 70, 99, 29, 7, 174, 28, 64, 80, 94, 141, 168, 5, 35, 31, 79, 184, 88, 20, 138, 78, 1, 45, 123, 161, 56, 171, 17, 183, 191, 73, 30, 120, 110, 185, 16, 194, 156, 197, 9, 38, 44, 118, 179, 37, 77, 135]
165282
23: [92, 138, 61, 7, 94, 50, 43, 156, 162, 91, 82, 62, 180, 126, 21, 150, 192, 81, 185, 93, 139, 130, 8, 165, 76, 46, 98, 77, 105, 31, 104, 187, 144, 149, 13, 49, 53, 116, 148, 23, 195, 121, 19, 167, 65, 83, 32, 69, 70, 158, 119, 58, 154, 26, 151, 72, 4, 15, 173, 67, 146, 175, 118, 85, 40, 24, 44, 5, 102, 37, 198, 95, 108, 140, 34, 10, 73, 18, 164, 54, 59, 56, 191, 41, 12, 0, 57, 100, 27, 179, 145, 75, 99, 74, 71, 103, 17, 171, 111, 170]
161461
24: [54, 109, 161, 41, 49, 65, 100, 175, 92, 44, 126, 101, 82, 174, 74, 166, 121, 19, 27, 117, 170, 180, 112, 150, 34, 76, 79, 71, 84, 73, 17, 61, 172, 156, 5, 103, 187, 51, 90, 195, 199, 141, 81, 20, 56, 28, 94, 164, 130, 153, 29, 43, 86, 57, 108, 32, 133, 25, 46, 9, 55, 98, 173, 145, 146, 63, 138, 35, 176, 139, 147, 184, 68, 42, 188, 158, 2, 157, 148, 13, 12, 45, 6, 97, 62, 40, 106, 18, 3, 95, 36, 52, 33, 159, 72, 14, 50, 48, 198, 10]
165243
25: [55, 124, 177, 137, 66, 34, 28, 39, 146, 183, 139, 109, 9, 164, 44, 4, 92, 16, 101, 135, 11, 7, 18, 160, 20, 148, 111, 129, 15, 17, 30, 1, 87, 147, 37, 19, 90, 42, 173, 149, 126, 174, 195, 65, 99, 32, 108, 43, 162, 21, 132, 150, 130, 2, 141, 50, 89, 97, 106, 27, 123, 194, 120, 170, 10, 40, 159, 59, 112, 180, 169, 3, 179, 71, 63, 119, 154, 0, 23, 56, 80, 175, 47, 199, 163, 172, 167, 31, 114, 79, 25, 81, 73, 22, 158, 69, 75, 26, 155, 29]
161691
26: [20, 197, 118, 94, 106, 16, 55, 191, 153, 119, 161, 170, 157, 185, 180, 132, 54, 27, 90, 141, 167, 178, 97, 184, 173, 26, 144, 65, 41, 14, 43, 33, 115, 101, 162, 6, 22, 171, 81, 112, 187, 79, 10, 18, 15, 57, 151, 92, 4, 149, 138, 28, 108, 158, 121, 165, 198, 35, 73, 30, 114, 164, 110, 72, 0, 78, 83, 193, 133, 95, 11, 13, 85, 42, 71, 147, 150, 60, 9, 143, 17, 46, 120, 61, 53, 49, 21, 70, 146, 45, 182, 62, 189, 172, 179, 74, 176, 76, 58, 124]
161868
27: [74, 115, 146, 160, 73, 19, 181, 63, 51, 116, 98, 112, 154, 58, 67, 176, 1, 136, 179, 77, 188, 168, 46, 18, 105, 45, 23, 26, 130, 64, 143, 71, 162, 39, 157, 16, 108, 150, 148, 10, 33, 144, 197, 124, 47, 191, 173, 139, 106, 161, 37, 24, 82, 199, 13, 172, 196, 53, 119, 94, 135, 195, 165, 72, 48, 123, 4, 159, 110, 166, 83, 12, 151, 158, 2, 177, 25, 92, 117, 163, 183, 49, 84, 187, 38, 133, 91, 114, 109, 147, 76, 17, 66, 70, 6, 69, 141, 80, 118, 178]
161721
28: [27, 78, 15, 83, 28, 47, 168, 151, 4, 72, 11, 46, 7, 60, 38, 148, 33, 160, 57, 16, 61, 8, 146, 196, 24, 194, 115, 37, 69, 34, 174, 9, 91, 63, 181, 116, 65, 155, 50, 126, 13, 144, 113, 193, 14, 96, 170, 171, 1, 71, 149, 58, 89, 134, 195, 140, 31, 64, 32, 123, 154, 59, 182, 117, 161, 173, 19, 52, 39, 185, 127, 85, 86, 3, 109, 133, 70, 94, 167, 97, 162, 190, 136, 179, 111, 5, 175, 135, 157, 164, 66, 163, 18, 138, 120, 43, 74, 107, 199, 189]
163683
29: [96, 32, 160, 172, 30, 125, 67, 63, 121, 142, 93, 133, 197, 118, 130, 17, 184, 143, 159, 61, 29, 102, 155, 27, 101, 189, 151, 108, 8, 98, 94, 54, 80, 12, 33, 41, 103, 128, 49, 50, 51, 95, 83, 132, 35, 168, 58, 146, 157, 141, 153, 92, 10, 164, 111, 147, 38, 188, 90, 148, 161, 20, 115, 74, 16, 48, 124, 59, 2, 47, 145, 73, 9, 150, 177, 152, 40, 137, 13, 86, 7, 140, 126, 163, 15, 4, 14, 21, 76, 171, 39, 31, 180, 194, 176, 84, 114, 113, 191, 79]
187949
30: [117, 49, 77, 124, 127, 39, 172, 136, 13, 2, 83, 7, 65, 56, 118, 16, 85, 5, 134, 110, 6, 38, 196, 155, 154, 188, 146, 96, 97, 42, 158, 79, 88, 1, 199, 121, 184, 109, 156, 160, 99, 140, 55, 166, 95, 190, 101, 51, 137, 145, 94, 33, 64, 32, 40, 181, 161, 53, 169, 147, 54, 149, 170, 182, 100, 84, 192, 15, 159, 58, 174, 4, 91, 176, 122, 143, 26, 128, 168, 138, 183, 113, 152, 22, 71, 36, 18, 69, 89, 108, 187, 46, 61, 68, 44, 9, 3, 29, 135, 25]
163036
31: [28, 197, 36, 40, 136, 67, 183, 5, 14, 84, 131, 135, 71, 19, 30, 111, 47, 120, 8, 81, 78, 103, 126, 182, 73, 98, 170, 127, 123, 138, 119, 99, 159, 44, 196, 16, 145, 124, 94, 96, 90, 51, 190, 10, 33, 62, 128, 156, 26, 147, 23, 154, 178, 37, 164, 167, 181, 20, 176, 129, 139, 142, 68, 195, 24, 108, 82, 64, 101, 55, 110, 186, 109, 2, 199, 104, 112, 117, 12, 27, 153, 83, 13, 151, 91, 132, 140, 179, 184, 133, 49, 157, 15, 175, 150, 38, 69, 191, 66, 39]
173255
32: [147, 38, 173, 163, 145, 19, 159, 158, 51, 1, 82, 166, 88, 100, 69, 138, 165, 156, 39, 199, 9, 50, 160, 73, 46, 54, 135, 136, 129, 77, 58, 8, 144, 109, 172, 157, 128, 108, 189, 55, 21, 167, 49, 103, 79, 149, 53, 71, 182, 110, 85, 35, 194, 141, 72, 142, 40, 25, 2, 12, 23, 192, 120, 174, 119, 113, 42, 41, 111, 13, 48, 36, 16, 130, 152, 60, 17, 96, 93, 52, 92, 59, 118, 4, 183, 64, 190, 84, 170, 148, 98, 44, 187, 154, 76, 155, 191, 66, 133, 37]
169527
33: [25, 62, 39, 66, 18, 120, 53, 43, 47, 60, 105, 187, 150, 75, 54, 149, 14, 33, 6, 102, 89, 49, 55, 156, 127, 126, 20, 144, 27, 82, 122, 76, 70, 71, 106, 63, 2, 154, 141, 130, 9, 157, 68, 31, 97, 72, 44, 183, 64, 152, 12, 177, 198, 123, 26, 56, 129, 46, 184, 194, 35, 116, 169, 118, 133, 163, 179, 180, 36, 196, 132, 189, 114, 16, 85, 178, 11, 21, 50, 86, 164, 30, 153, 48, 148, 23, 176, 81, 190, 51, 142, 67, 181, 117, 91, 168, 13, 61, 197, 171]
173492
34: [16, 197, 120, 147, 112, 15, 38, 116, 50, 91, 82, 142, 122, 189, 57, 14, 196, 108, 54, 146, 53, 20, 12, 145, 13, 34, 171, 61, 132, 106, 141, 86, 77, 114, 95, 190, 19, 160, 85, 102, 165, 194, 177, 68, 70, 47, 2, 126, 28, 155, 159, 73, 156, 154, 83, 30, 100, 88, 81, 188, 123, 35, 42, 163, 10, 181, 186, 25, 90, 55, 41, 98, 193, 23, 117, 51, 105, 92, 139, 32, 113, 3, 33, 162, 89, 107, 169, 75, 185, 119, 7, 87, 26, 157, 137, 21, 104, 58, 66, 127]
180095
35: [150, 42, 121, 127, 13, 197, 37, 93, 165, 72, 182, 142, 177, 39, 184, 117, 62, 120, 6, 69, 20, 139, 2, 148, 14, 115, 141, 29, 25, 56, 131, 163, 190, 90, 104, 70, 170, 92, 193, 11, 7, 191, 189, 58, 110, 47, 178, 118, 136, 86, 3, 23, 65, 17, 192, 145, 114, 75, 173, 162, 64, 45, 54, 59, 116, 21, 44, 175, 154, 99, 152, 103, 71, 76, 119, 174, 60, 194, 1, 98, 176, 53, 49, 30, 143, 196, 5, 38, 101, 187, 144, 151, 94, 102, 122, 106, 179, 78, 74, 183]
165970
36: [174, 191, 18, 106, 75, 199, 137, 95, 60, 168, 101, 190, 179, 187, 58, 13, 140, 143, 175, 157, 198, 176, 111, 170, 42, 34, 172, 119, 56, 165, 52, 62, 167, 114, 17, 30, 109, 152, 57, 189, 112, 23, 121, 79, 24, 186, 96, 194, 123, 72, 40, 70, 173, 0, 133, 25, 104, 128, 102, 1, 31, 39, 147, 99, 184, 156, 160, 73, 76, 78, 87, 180, 2, 89, 182, 74, 120, 4, 146, 3, 142, 69, 131, 53, 61, 32, 20, 41, 94, 107, 132, 97, 154, 85, 91, 161, 183, 38, 37, 14]
180546
37: [140, 8, 7, 153, 22, 42, 77, 124, 158, 38, 189, 112, 43, 59, 197, 183, 1, 98, 169, 179, 162, 142, 3, 39, 91, 27, 73, 114, 155, 144, 78, 97, 152, 141, 9, 19, 167, 41, 80, 166, 66, 76, 165, 146, 120, 106, 194, 95, 51, 151, 48, 35, 135, 136, 13, 67, 118, 132, 122, 113, 188, 53, 127, 93, 99, 55, 107, 84, 85, 47, 137, 0, 100, 176, 126, 14, 174, 177, 44, 185, 33, 159, 82, 199, 6, 173, 16, 129, 193, 63, 29, 154, 34, 86, 79, 108, 21, 17, 134, 181]
173524
38: [102, 117, 63, 193, 50, 83, 125, 37, 149, 20, 192, 64, 134, 116, 142, 76, 15, 166, 172, 51, 185, 157, 10, 118, 59, 9, 70, 88, 0, 147, 62, 30, 183, 113, 186, 137, 40, 195, 96, 144, 45, 74, 86, 93, 92, 168, 141, 124, 199, 122, 170, 135, 36, 89, 61, 16, 27, 71, 84, 95, 19, 53, 99, 21, 133, 13, 131, 153, 81, 100, 184, 32, 52, 148, 60, 11, 80, 160, 57, 34, 167, 106, 119, 28, 23, 1, 138, 150, 87, 55, 6, 182, 33, 174, 189, 18, 41, 171, 179, 130]
168607
39: [136, 162, 94, 198, 12, 109, 67, 97, 56, 33, 170, 2, 37, 181, 79, 54, 111, 81, 38, 130, 60, 143, 20, 126, 185, 86, 128, 93, 183, 10, 19, 155, 18, 45, 61, 163, 24, 147, 160, 73, 82, 30, 133, 69, 85, 158, 84, 8, 43, 166, 99, 57, 159, 88, 177, 64, 76, 141, 26, 77, 129, 22, 39, 66, 53, 144, 58, 46, 195, 118, 90, 152, 121, 165, 3, 127, 172, 169, 36, 13, 105, 98, 139, 35, 116, 148, 106, 122, 7, 4, 167, 142, 184, 137, 197, 28, 138, 89, 0, 41]
162995
40: [35, 102, 33, 14, 17, 150, 95, 79, 89, 109, 23, 71, 131, 107, 114, 145, 19, 20, 72, 181, 136, 81, 195, 113, 166, 16, 177, 94, 169, 47, 25, 44, 182, 108, 77, 165, 155, 5, 103, 128, 104, 196, 84, 190, 134, 194, 163, 59, 11, 149, 180, 125, 51, 129, 127, 45, 66, 142, 124, 158, 3, 83, 68, 98, 112, 186, 161, 73, 135, 0, 117, 192, 46, 167, 146, 85, 151, 12, 147, 10, 26, 55, 38, 80, 193, 189, 28, 78, 122, 82, 160, 138, 29, 130, 184, 96, 65, 110, 93, 199]
153148
41: [33, 37, 41, 97, 27, 29, 3, 11, 188, 83, 68, 141, 198, 117, 113, 70, 178, 190, 89, 93, 47, 44, 149, 64, 116, 58, 109, 63, 130, 114, 57, 131, 142, 118, 107, 2, 119, 36, 12, 135, 79, 52, 17, 40, 153, 104, 43, 172, 9, 159, 90, 60, 101, 92, 145, 121, 24, 143, 87, 185, 85, 30, 180, 155, 102, 194, 23, 186, 73, 112, 139, 136, 105, 152, 72, 192, 22, 123, 168, 144, 20, 147, 140, 120, 98, 183, 175, 59, 82, 162, 4, 103, 99, 122, 8, 26, 174, 148, 127, 128]
161094
42: [63, 70, 79, 192, 156, 65, 172, 30, 45, 119, 103, 29, 150, 122, 44, 99, 5, 149, 100, 181, 124, 39, 94, 21, 72, 127, 121, 118, 138, 85, 86, 151, 162, 84, 2, 27, 76, 80, 159, 53, 19, 71, 197, 160, 155, 123, 129, 110, 55, 54, 134, 125, 96, 147, 184, 114, 26, 104, 8, 38, 28, 178, 190, 73, 116, 98, 66, 107, 97, 108, 18, 78, 175, 6, 179, 165, 158, 81, 25, 23, 112, 40, 148, 0, 136, 106, 87, 31, 128, 117, 13, 67, 58, 195, 15, 140, 22, 173, 34, 64]
177938
43: [163, 144, 96, 3, 102, 58, 155, 97, 59, 65, 185, 64, 16, 156, 53, 191, 9, 31, 89, 40, 189, 45, 196, 149, 192, 43, 35, 85, 133, 167, 52, 188, 33, 179, 4, 83, 66, 88, 6, 23, 195, 107, 178, 151, 99, 49, 15, 81, 175, 145, 168, 154, 25, 76, 171, 157, 117, 147, 183, 148, 153, 98, 104, 38, 108, 21, 13, 136, 5, 47, 24, 17, 48, 39, 161, 100, 132, 74, 92, 29, 2, 129, 71, 142, 122, 182, 94, 46, 187, 181, 169, 41, 138, 128, 87, 70, 1, 30, 159, 116]
174693
44: [129, 70, 128, 4, 80, 31, 153, 139, 65, 87, 179, 69, 72, 26, 45, 14, 82, 172, 51, 118, 177, 67, 125, 29, 160, 185, 93, 102, 141, 165, 59, 124, 154, 63, 18, 161, 137, 104, 84, 34, 164, 151, 53, 76, 147, 169, 122, 112, 158, 142, 178, 113, 127, 182, 52, 23, 86, 62, 170, 97, 32, 140, 75, 120, 198, 126, 90, 186, 48, 173, 148, 49, 27, 196, 74, 66, 121, 17, 38, 42, 162, 58, 188, 10, 133, 21, 156, 28, 57, 145, 19, 99, 56, 94, 190, 13, 135, 39, 60, 159]
158287
45: [158, 129, 192, 34, 36, 92, 187, 147, 154, 91, 195, 171, 190, 151, 88, 17, 66, 174, 186, 128, 51, 131, 2, 165, 163, 191, 126, 159, 33, 86, 157, 26, 199, 4, 178, 59, 150, 116, 21, 69, 55, 90, 133, 67, 183, 127, 111, 118, 97, 114, 83, 115, 188, 152, 19, 81, 135, 110, 5, 1, 164, 18, 60, 15, 23, 43, 46, 155, 63, 98, 95, 123, 56, 73, 148, 162, 11, 40, 39, 120, 193, 179, 64, 10, 143, 99, 85, 37, 80, 108, 50, 140, 79, 14, 168, 75, 104, 166, 145, 57]
177955
46: [88, 83, 61, 2, 169, 114, 166, 146, 13, 194, 97, 27, 192, 89, 4, 28, 92, 198, 156, 9, 179, 136, 132, 69, 115, 189, 7, 103, 50, 74, 37, 20, 56, 0, 165, 60, 105, 162, 172, 100, 127, 86, 168, 150, 107, 193, 151, 173, 158, 62, 73, 70, 26, 124, 77, 75, 24, 98, 6, 55, 171, 48, 163, 91, 16, 195, 17, 15, 188, 36, 140, 51, 184, 125, 68, 164, 116, 101, 65, 5, 111, 21, 14, 154, 1, 139, 160, 96, 123, 187, 12, 141, 110, 131, 109, 137, 142, 33, 121, 144]
147092
47: [62, 97, 2, 116, 59, 156, 48, 53, 14, 24, 159, 30, 128, 153, 34, 192, 3, 196, 23, 115, 87, 149, 95, 162, 121, 41, 38, 160, 58, 71, 17, 176, 84, 148, 154, 155, 144, 57, 73, 45, 168, 1, 51, 184, 129, 152, 151, 66, 100, 103, 18, 132, 113, 147, 49, 131, 190, 104, 171, 111, 50, 28, 56, 187, 35, 22, 186, 105, 125, 167, 91, 83, 127, 65, 40, 37, 179, 166, 174, 72, 126, 86, 143, 114, 0, 199, 29, 79, 31, 158, 150, 43, 145, 173, 21, 140, 180, 60, 161, 33]
156371
48: [99, 84, 0, 64, 59, 9, 134, 139, 140, 162, 70, 73, 167, 192, 81, 130, 35, 145, 71, 188, 178, 41, 85, 101, 63, 173, 90, 193, 83, 97, 74, 51, 100, 174, 49, 121, 82, 72, 44, 67, 109, 46, 169, 150, 170, 172, 13, 38, 36, 184, 11, 194, 42, 132, 79, 48, 39, 171, 10, 177, 156, 135, 141, 159, 52, 137, 91, 199, 32, 33, 16, 78, 168, 6, 165, 144, 87, 108, 153, 107, 58, 164, 5, 26, 2, 118, 152, 120, 175, 77, 124, 53, 88, 176, 125, 1, 93, 50, 113, 114]
157312
49: [84, 178, 5, 54, 31, 171, 160, 69, 2, 29, 176, 75, 153, 199, 92, 37, 88, 186, 77, 150, 96, 172, 99, 10, 4, 163, 55, 61, 79, 191, 86, 192, 18, 130, 57, 36, 124, 110, 25, 90, 52, 108, 40, 129, 3, 32, 198, 190, 145, 20, 122, 106, 184, 13, 175, 135, 1, 143, 161, 147, 27, 44, 159, 120, 131, 177, 73, 72, 42, 16, 39, 12, 194, 154, 166, 43, 174, 14, 74, 156, 168, 93, 195, 46, 139, 9, 185, 53, 63, 133, 173, 100, 165, 7, 83, 48, 196, 146, 149, 164]
162237
50: [23, 180, 153, 184, 4, 68, 120, 33, 83, 191, 1, 167, 63, 179, 114, 2, 7, 27, 124, 20, 193, 36, 21, 141, 118, 67, 160, 38, 130, 116, 47, 95, 96, 98, 65, 56, 183, 158, 13, 128, 57, 190, 127, 59, 192, 82, 69, 102, 159, 11, 73, 64, 194, 91, 196, 173, 197, 112, 115, 75, 35, 78, 46, 122, 157, 163, 81, 45, 49, 152, 97, 29, 22, 108, 79, 170, 14, 168, 150, 189, 161, 125, 66, 117, 178, 136, 138, 61, 42, 88, 40, 129, 146, 113, 119, 110, 107, 121, 165, 93]
164304
51: [51, 108, 179, 82, 23, 43, 193, 154, 29, 132, 126, 102, 120, 141, 180, 36, 169, 39, 11, 46, 40, 103, 62, 38, 37, 116, 83, 117, 199, 19, 175, 173, 172, 124, 60, 178, 140, 111, 122, 2, 26, 91, 114, 184, 192, 112, 92, 67, 72, 143, 34, 168, 5, 76, 166, 150, 12, 25, 22, 182, 161, 21, 89, 118, 80, 151, 163, 186, 177, 94, 15, 71, 159, 90, 20, 128, 16, 85, 187, 87, 68, 146, 73, 194, 0, 27, 53, 45, 69, 52, 93, 79, 149, 158, 10, 8, 195, 56, 185, 49]
157303
52: [101, 103, 22, 66, 39, 106, 150, 188, 42, 6, 196, 17, 36, 46, 113, 110, 100, 87, 137, 111, 69, 29, 155, 166, 58, 73, 1, 89, 95, 128, 33, 153, 41, 167, 123, 199, 141, 172, 144, 170, 147, 187, 71, 12, 59, 148, 135, 20, 125, 92, 10, 151, 16, 136, 61, 24, 68, 51, 162, 132, 112, 78, 104, 107, 192, 40, 142, 105, 189, 27, 185, 191, 52, 57, 50, 129, 80, 45, 3, 145, 34, 177, 74, 133, 43, 81, 176, 97, 157, 28, 77, 21, 164, 90, 37, 67, 7, 178, 54, 31]
169942
53: [160, 117, 107, 56, 113, 94, 33, 138, 39, 103, 100, 44, 153, 151, 155, 173, 179, 157, 10, 77, 80, 20, 68, 72, 45, 76, 183, 42, 65, 128, 12, 129, 11, 97, 66, 15, 194, 91, 149, 199, 139, 25, 43, 166, 176, 111, 0, 163, 40, 21, 115, 121, 19, 29, 197, 63, 126, 184, 171, 96, 145, 193, 93, 61, 132, 185, 70, 182, 147, 133, 34, 95, 14, 73, 55, 5, 74, 189, 158, 188, 81, 191, 26, 146, 22, 59, 162, 124, 64, 148, 114, 6, 169, 58, 30, 195, 120, 79, 4, 178]
171351
54: [120, 29, 191, 189, 78, 151, 39, 99, 85, 89, 101, 6, 52, 142, 166, 169, 182, 118, 198, 149, 148, 146, 170, 160, 113, 60, 43, 180, 178, 139, 30, 69, 35, 77, 56, 10, 51, 185, 59, 22, 65, 26, 144, 145, 49, 38, 68, 108, 16, 20, 94, 102, 83, 184, 114, 48, 168, 105, 127, 88, 58, 195, 156, 90, 155, 161, 192, 93, 112, 172, 159, 110, 32, 66, 41, 104, 187, 141, 188, 138, 157, 9, 137, 36, 11, 76, 84, 7, 96, 34, 15, 57, 80, 8, 81, 131, 124, 152, 103, 154]
159971
55: [187, 30, 11, 39, 62, 22, 110, 5, 189, 20, 165, 196, 102, 143, 33, 173, 7, 91, 159, 120, 169, 125, 174, 21, 183, 80, 72, 130, 9, 161, 178, 126, 156, 121, 31, 12, 129, 15, 56, 124, 190, 32, 154, 133, 50, 81, 63, 25, 97, 172, 69, 18, 105, 135, 88, 132, 79, 2, 184, 166, 53, 10, 86, 14, 94, 194, 43, 70, 40, 181, 58, 17, 99, 136, 46, 19, 101, 0, 52, 103, 41, 148, 138, 73, 54, 35, 49, 151, 24, 168, 65, 6, 115, 44, 113, 175, 87, 182, 106, 107]
174969
56: [71, 133, 121, 35, 164, 66, 100, 129, 94, 78, 120, 184, 99, 15, 40, 44, 49, 30, 60, 127, 24, 199, 95, 147, 25, 195, 34, 143, 72, 59, 84, 115, 112, 193, 197, 136, 43, 54, 117, 36, 10, 63, 150, 123, 138, 179, 185, 14, 158, 77, 62, 2, 145, 128, 175, 116, 172, 109, 52, 68, 177, 39, 20, 50, 101, 45, 119, 131, 191, 107, 198, 87, 67, 180, 28, 149, 7, 64, 160, 53, 85, 132, 0, 181, 90, 83, 33, 27, 125, 159, 135, 113, 187, 46, 171, 13, 4, 168, 38, 61]
170185
57: [52, 165, 191, 24, 74, 40, 158, 160, 96, 95, 197, 94, 16, 60, 103, 15, 34, 125, 30, 62, 151, 195, 56, 9, 124, 77, 116, 26, 54, 152, 166, 198, 171, 113, 51, 187, 57, 137, 73, 105, 122, 79, 144, 134, 108, 44, 90, 18, 145, 164, 50, 132, 29, 23, 22, 135, 167, 131, 111, 63, 19, 5, 126, 185, 37, 121, 99, 168, 36, 70, 169, 12, 178, 46, 194, 69, 35, 181, 3, 67, 156, 117, 148, 190, 188, 91, 130, 41, 114, 47, 80, 27, 196, 39, 38, 10, 128, 127, 72, 88]
177622
58: [115, 163, 112, 124, 91, 48, 34, 92, 161, 104, 107, 188, 100, 19, 40, 178, 54, 139, 171, 90, 31, 195, 10, 28, 133, 145, 83, 36, 4, 141, 109, 60, 2, 79, 63, 98, 191, 8, 55, 170, 58, 136, 185, 137, 122, 74, 187, 17, 66, 16, 166, 190, 21, 108, 18, 167, 49, 184, 128, 65, 147, 75, 121, 180, 82, 152, 199, 47, 196, 76, 143, 59, 41, 94, 35, 7, 97, 57, 12, 158, 169, 168, 23, 70, 176, 181, 198, 46, 173, 197, 32, 194, 106, 0, 175, 64, 159, 150, 6, 117]
162322
59: [39, 112, 111, 140, 115, 31, 75, 105, 190, 164, 0, 147, 26, 156, 162, 166, 8, 103, 153, 178, 27, 32, 185, 58, 68, 130, 186, 123, 15, 18, 104, 66, 67, 94, 13, 43, 77, 93, 30, 5, 73, 44, 3, 107, 177, 61, 157, 54, 2, 34, 37, 108, 169, 89, 1, 95, 101, 131, 96, 109, 84, 192, 6, 196, 38, 163, 35, 91, 7, 50, 152, 174, 146, 128, 182, 116, 63, 92, 127, 51, 173, 36, 62, 195, 110, 49, 46, 102, 76, 134, 98, 20, 159, 100, 179, 78, 144, 82, 180, 170]
181058
60: [128, 157, 69, 4, 160, 102, 88, 166, 191, 149, 135, 115, 36, 52, 130, 195, 89, 148, 185, 151, 76, 177, 190, 144, 137, 109, 71, 92, 42, 133, 51, 91, 32, 163, 126, 110, 98, 97, 75, 13, 103, 43, 145, 186, 112, 187, 84, 100, 31, 196, 20, 53, 23, 40, 45, 86, 0, 63, 192, 85, 134, 107, 46, 146, 184, 159, 164, 22, 142, 49, 74, 116, 66, 147, 80, 124, 108, 122, 95, 114, 25, 181, 48, 198, 153, 188, 83, 18, 9, 5, 118, 56, 77, 154, 129, 28, 197, 38, 136, 143]
163319
61: [179, 117, 136, 68, 16, 133, 79, 39, 166, 9, 37, 181, 197, 127, 157, 35, 174, 185, 65, 85, 91, 83, 168, 63, 156, 62, 132, 76, 163, 33, 149, 6, 81, 160, 59, 176, 107, 113, 110, 184, 18, 199, 40, 11, 108, 191, 25, 106, 29, 119, 173, 22, 112, 55, 178, 125, 90, 96, 49, 147, 94, 45, 162, 120, 101, 67, 194, 189, 78, 165, 15, 137, 169, 98, 145, 54, 159, 186, 36, 111, 7, 52, 60, 72, 17, 86, 105, 53, 115, 32, 146, 177, 144, 74, 171, 47, 99, 87, 51, 70]
165080
62: [93, 146, 124, 149, 173, 191, 77, 136, 43, 92, 0, 175, 110, 35, 197, 157, 28, 84, 46, 109, 166, 154, 119, 80, 41, 20, 160, 180, 72, 196, 176, 91, 122, 132, 45, 129, 10, 168, 18, 186, 115, 151, 155, 103, 14, 56, 31, 101, 78, 6, 126, 153, 61, 44, 2, 179, 161, 71, 135, 66, 87, 49, 68, 171, 51, 172, 194, 58, 52, 121, 193, 94, 167, 128, 37, 75, 169, 148, 27, 57, 156, 178, 143, 144, 106, 5, 54, 1, 79, 82, 39, 11, 97, 7, 195, 12, 111, 198, 96, 114]
164827
63: [66, 99, 142, 147, 149, 104, 46, 9, 171, 102, 153, 107, 101, 144, 146, 65, 114, 92, 143, 93, 40, 88, 125, 58, 113, 158, 154, 112, 145, 81, 22, 95, 159, 181, 105, 176, 14, 28, 34, 117, 122, 151, 164, 150, 129, 156, 84, 169, 97, 111, 116, 191, 86, 35, 42, 52, 187, 106, 45, 132, 62, 186, 68, 130, 155, 73, 91, 74, 115, 55, 0, 133, 109, 195, 173, 13, 168, 49, 123, 59, 64, 161, 69, 134, 183, 90, 2, 29, 78, 124, 96, 148, 33, 128, 60, 82, 110, 85, 25, 31]
163431
64: [22, 40, 72, 63, 70, 17, 151, 61, 196, 59, 71, 130, 143, 164, 165, 91, 82, 52, 94, 64, 74, 30, 66, 141, 172, 106, 185, 45, 170, 60, 56, 34, 158, 93, 33, 148, 198, 55, 176, 15, 2, 169, 168, 142, 117, 179, 146, 124, 28, 109, 58, 186, 95, 37, 154, 195, 173, 6, 39, 7, 44, 189, 190, 90, 8, 78, 100, 43, 132, 101, 157, 1, 175, 155, 83, 180, 85, 80, 111, 136, 187, 99, 131, 125, 102, 81, 49, 57, 171, 182, 41, 97, 156, 128, 137, 138, 116, 9, 84, 197]
166368
65: [192, 130, 102, 136, 152, 179, 71, 56, 180, 127, 19, 77, 124, 80, 151, 186, 126, 150, 148, 164, 0, 32, 54, 163, 142, 159, 48, 171, 111, 27, 135, 1, 59, 97, 185, 18, 4, 168, 140, 174, 99, 83, 42, 72, 68, 177, 12, 58, 10, 93, 139, 144, 157, 158, 96, 98, 100, 76, 43, 49, 25, 86, 94, 118, 15, 122, 44, 104, 128, 45, 194, 33, 132, 141, 143, 24, 6, 116, 176, 166, 112, 198, 131, 172, 5, 190, 87, 145, 184, 55, 160, 169, 195, 30, 50, 28, 75, 91, 114, 11]
171958
66: [7, 75, 33, 102, 62, 179, 20, 161, 166, 142, 160, 96, 168, 184, 143, 98, 108, 84, 123, 163, 67, 117, 40, 14, 79, 190, 23, 22, 1, 52, 109, 17, 185, 90, 95, 154, 130, 124, 9, 92, 32, 58, 81, 141, 120, 138, 97, 57, 137, 12, 159, 173, 77, 78, 37, 27, 115, 31, 106, 2, 164, 41, 25, 186, 50, 140, 16, 36, 44, 85, 86, 91, 93, 88, 47, 175, 121, 128, 65, 76, 74, 171, 180, 105, 188, 183, 162, 21, 192, 198, 68, 5, 61, 46, 146, 119, 55, 51, 195, 103]
177023
67: [63, 12, 182, 99, 50, 124, 87, 151, 88, 94, 32, 86, 106, 57, 39, 30, 126, 115, 27, 183, 105, 149, 7, 89, 82, 113, 79, 71, 198, 15, 128, 185, 168, 119, 19, 143, 174, 68, 101, 194, 197, 117, 22, 54, 64, 125, 58, 42, 129, 65, 192, 37, 120, 74, 177, 199, 51, 122, 3, 155, 103, 139, 104, 148, 107, 90, 17, 184, 196, 160, 45, 157, 136, 31, 81, 186, 195, 169, 46, 0, 24, 193, 36, 70, 2, 154, 72, 166, 16, 190, 67, 33, 165, 135, 5, 116, 78, 91, 40, 134]
175007
68: [50, 2, 23, 49, 27, 152, 121, 160, 12, 1, 81, 137, 143, 139, 172, 100, 89, 58, 29, 40, 154, 51, 111, 93, 117, 129, 28, 149, 30, 17, 169, 95, 176, 124, 138, 102, 153, 52, 39, 94, 92, 73, 65, 60, 112, 97, 14, 145, 32, 177, 26, 84, 22, 87, 83, 103, 194, 115, 127, 36, 104, 41, 16, 57, 106, 31, 191, 18, 131, 62, 66, 180, 35, 98, 165, 86, 151, 182, 113, 132, 125, 69, 76, 146, 192, 11, 158, 21, 80, 33, 144, 53, 91, 186, 190, 6, 135, 70, 120, 54]
162469
69: [191, 94, 55, 136, 82, 187, 67, 68, 79, 47, 86, 46, 58, 21, 192, 61, 10, 101, 149, 112, 108, 184, 126, 179, 26, 120, 97, 93, 71, 177, 121, 0, 171, 15, 8, 165, 38, 199, 125, 85, 123, 76, 49, 43, 20, 30, 119, 84, 45, 22, 148, 2, 150, 118, 31, 28, 163, 146, 147, 131, 60, 115, 110, 98, 186, 167, 168, 105, 80, 109, 132, 140, 95, 194, 135, 37, 128, 73, 158, 3, 162, 41, 69, 143, 157, 65, 89, 88, 7, 174, 114, 156, 173, 92, 75, 24, 11, 144, 32, 16]
163045
70: [60, 192, 160, 154, 62, 66, 115, 38, 39, 163, 127, 17, 92, 109, 181, 0, 182, 102, 97, 1, 111, 135, 14, 145, 105, 138, 88, 10, 131, 53, 64, 51, 99, 112, 65, 137, 114, 142, 116, 170, 22, 108, 156, 71, 82, 76, 15, 91, 28, 126, 129, 106, 198, 161, 41, 57, 98, 31, 89, 30, 50, 47, 94, 120, 199, 118, 85, 21, 19, 11, 180, 110, 27, 166, 190, 187, 148, 136, 34, 185, 29, 113, 12, 59, 107, 171, 33, 35, 146, 40, 23, 74, 8, 42, 124, 139, 178, 61, 3, 79]
155527
71: [135, 36, 84, 174, 113, 143, 130, 157, 152, 131, 117, 183, 106, 164, 59, 118, 134, 188, 120, 172, 107, 108, 85, 184, 87, 101, 148, 162, 13, 15, 75, 79, 137, 115, 42, 83, 187, 56, 128, 136, 197, 114, 129, 3, 175, 186, 189, 112, 193, 1, 173, 61, 167, 119, 170, 124, 138, 140, 11, 132, 111, 150, 33, 178, 194, 24, 156, 17, 166, 34, 66, 139, 2, 125, 90, 50, 53, 69, 26, 149, 190, 91, 168, 45, 161, 67, 123, 96, 30, 62, 54, 46, 76, 199, 43, 126, 7, 81, 29, 39]
179828
72: [130, 120, 146, 136, 187, 95, 124, 159, 40, 176, 57, 127, 170, 144, 41, 82, 108, 169, 55, 105, 111, 151, 178, 92, 14, 56, 31, 98, 68, 39, 192, 128, 12, 73, 149, 164, 22, 63, 101, 16, 196, 15, 76, 180, 5, 2, 190, 165, 60, 166, 77, 162, 7, 43, 25, 52, 112, 46, 49, 24, 64, 45, 138, 80, 94, 141, 51, 33, 29, 172, 184, 26, 42, 155, 181, 129, 183, 194, 126, 91, 11, 195, 67, 72, 50, 175, 107, 110, 88, 160, 35, 44, 36, 133, 163, 38, 100, 69, 131, 81]
160464
73: [189, 172, 169, 152, 24, 186, 101, 145, 9, 134, 59, 19, 69, 123, 70, 153, 67, 20, 129, 63, 48, 26, 122, 112, 135, 125, 10, 133, 90, 157, 78, 11, 128, 64, 8, 132, 159, 60, 124, 76, 40, 131, 65, 37, 72, 194, 2, 36, 110, 14, 98, 39, 121, 162, 126, 25, 7, 147, 141, 197, 167, 83, 18, 44, 87, 74, 138, 43, 96, 184, 160, 3, 113, 187, 85, 107, 144, 190, 51, 136, 196, 66, 163, 23, 52, 54, 115, 21, 93, 55, 150, 117, 30, 158, 6, 22, 130, 198, 109, 161]
166025
74: [68, 54, 97, 83, 24, 160, 166, 121, 117, 112, 161, 101, 12, 76, 70, 71, 43, 134, 129, 77, 144, 34, 63, 150, 130, 59, 119, 21, 168, 28, 60, 164, 96, 50, 62, 37, 165, 64, 85, 111, 139, 184, 155, 1, 136, 45, 29, 91, 8, 193, 182, 126, 3, 175, 169, 80, 102, 13, 108, 53, 51, 135, 78, 159, 174, 189, 66, 98, 146, 107, 106, 5, 41, 133, 32, 30, 192, 170, 9, 75, 152, 181, 172, 143, 178, 49, 176, 48, 120, 20, 199, 65, 191, 22, 171, 23, 55, 44, 132, 36]
149435
75: [161, 56, 34, 3, 6, 136, 90, 48, 171, 104, 37, 47, 15, 58, 39, 178, 182, 179, 40, 22, 98, 11, 193, 1, 96, 74, 19, 194, 50, 106, 109, 134, 116, 30, 114, 32, 52, 105, 76, 192, 138, 117, 45, 198, 176, 196, 29, 57, 112, 20, 13, 184, 162, 63, 25, 64, 41, 124, 186, 14, 119, 83, 165, 4, 55, 163, 103, 82, 77, 62, 156, 5, 70, 43, 170, 185, 189, 12, 122, 151, 17, 174, 132, 135, 158, 108, 152, 199, 35, 167, 71, 46, 120, 66, 131, 183, 10, 111, 147, 38]
164168
76: [60, 179, 29, 18, 168, 4, 193, 77, 11, 65, 20, 15, 155, 118, 26, 194, 23, 28, 51, 47, 157, 189, 38, 106, 131, 111, 98, 115, 68, 2, 62, 170, 140, 64, 103, 176, 148, 158, 197, 42, 34, 134, 128, 14, 45, 151, 30, 59, 88, 85, 89, 8, 141, 79, 0, 167, 198, 80, 63, 139, 190, 109, 33, 48, 56, 3, 173, 70, 84, 122, 116, 39, 113, 44, 46, 144, 105, 146, 13, 1, 120, 81, 83, 149, 188, 21, 182, 61, 130, 166, 10, 96, 138, 50, 161, 40, 114, 147, 143, 152]
152672
77: [136, 42, 43, 56, 31, 190, 128, 65, 95, 177, 70, 119, 102, 152, 146, 104, 45, 130, 111, 67, 50, 12, 52, 26, 89, 48, 140, 54, 66, 79, 121, 7, 3, 94, 84, 169, 37, 39, 15, 179, 34, 195, 182, 11, 74, 49, 165, 148, 32, 188, 25, 53, 162, 17, 151, 168, 178, 154, 13, 133, 186, 1, 143, 101, 97, 86, 149, 122, 33, 9, 126, 6, 167, 16, 93, 21, 125, 185, 124, 103, 90, 137, 176, 129, 20, 114, 153, 92, 108, 156, 44, 63, 197, 155, 199, 75, 99, 4, 78, 157]
161063
78: [96, 36, 77, 4, 54, 103, 156, 59, 164, 119, 85, 133, 13, 165, 21, 101, 6, 94, 181, 98, 132, 148, 186, 150, 51, 141, 107, 115, 143, 163, 46, 105, 184, 60, 48, 56, 180, 124, 99, 87, 117, 18, 95, 140, 138, 126, 2, 122, 24, 58, 32, 162, 136, 196, 168, 70, 182, 191, 9, 17, 110, 57, 27, 190, 193, 129, 28, 38, 169, 8, 78, 92, 152, 131, 171, 160, 31, 52, 26, 139, 75, 34, 76, 176, 155, 19, 81, 120, 45, 135, 73, 167, 142, 102, 41, 161, 116, 111, 172, 177]
160035
79: [172, 73, 86, 118, 152, 76, 5, 186, 71, 143, 162, 48, 187, 22, 168, 49, 92, 74, 17, 20, 135, 198, 11, 157, 103, 155, 78, 55, 70, 178, 33, 123, 183, 101, 181, 164, 124, 179, 134, 116, 75, 84, 110, 16, 132, 151, 153, 15, 26, 90, 170, 69, 117, 39, 98, 42, 77, 37, 190, 25, 34, 62, 72, 9, 104, 88, 139, 0, 81, 57, 4, 60, 38, 150, 10, 36, 142, 177, 194, 174, 3, 159, 136, 31, 146, 138, 115, 30, 14, 61, 28, 44, 13, 171, 119, 27, 97, 191, 45, 64]
167736
80: [40, 110, 93, 31, 139, 129, 191, 116, 32, 45, 11, 9, 160, 54, 122, 114, 127, 113, 162, 41, 126, 17, 103, 50, 176, 159, 123, 18, 171, 80, 166, 82, 66, 46, 155, 179, 74, 144, 12, 90, 130, 42, 186, 67, 119, 8, 196, 1, 10, 145, 86, 19, 70, 23, 89, 43, 182, 106, 7, 112, 3, 197, 185, 33, 121, 81, 164, 163, 25, 34, 180, 22, 0, 136, 76, 105, 60, 64, 104, 99, 24, 61, 135, 39, 124, 84, 168, 158, 52, 26, 44, 29, 65, 128, 170, 192, 153, 151, 96, 27]
181974
81: [193, 155, 65, 157, 121, 117, 95, 129, 18, 22, 160, 179, 49, 15, 190, 177, 176, 17, 147, 94, 3, 34, 185, 25, 144, 192, 161, 29, 75, 132, 96, 101, 71, 80, 89, 79, 115, 173, 46, 119, 11, 57, 14, 64, 55, 77, 116, 61, 19, 191, 138, 118, 146, 92, 120, 174, 184, 169, 47, 97, 123, 7, 167, 105, 4, 24, 107, 109, 164, 188, 150, 90, 114, 149, 195, 152, 170, 158, 108, 181, 103, 165, 130, 60, 136, 133, 68, 67, 1, 69, 76, 125, 6, 199, 182, 43, 93, 141, 33, 63]
170313
82: [130, 5, 169, 44, 160, 139, 129, 75, 50, 7, 179, 91, 57, 128, 167, 84, 126, 74, 51, 176, 77, 13, 186, 111, 45, 173, 162, 146, 0, 80, 88, 148, 131, 29, 66, 68, 107, 115, 18, 21, 137, 85, 192, 116, 59, 14, 156, 69, 132, 35, 30, 189, 73, 22, 79, 184, 163, 151, 64, 124, 60, 12, 109, 113, 61, 89, 123, 170, 54, 150, 17, 76, 8, 70, 55, 78, 15, 161, 1, 94, 171, 37, 24, 159, 31, 95, 191, 157, 33, 199, 39, 104, 117, 9, 118, 46, 188, 135, 114, 166]
160365
83: [141, 193, 56, 43, 198, 145, 113, 89, 80, 77, 86, 8, 110, 9, 118, 83, 81, 69, 45, 6, 20, 161, 71, 130, 179, 90, 175, 111, 125, 182, 120, 116, 188, 164, 24, 184, 87, 128, 14, 163, 3, 114, 177, 5, 100, 35, 60, 102, 137, 10, 131, 99, 190, 97, 162, 189, 146, 79, 98, 53, 70, 75, 140, 67, 38, 28, 168, 135, 78, 32, 186, 73, 51, 173, 76, 1, 62, 61, 109, 152, 66, 104, 151, 183, 142, 106, 48, 59, 40, 15, 33, 44, 82, 122, 133, 63, 129, 54, 26, 197]
158509
84: [37, 41, 152, 5, 12, 140, 29, 198, 31, 99, 81, 195, 134, 141, 96, 48, 47, 181, 2, 121, 175, 60, 176, 9, 116, 115, 147, 170, 85, 67, 136, 50, 32, 191, 0, 142, 62, 51, 71, 124, 143, 163, 127, 30, 79, 155, 151, 168, 28, 153, 157, 187, 46, 188, 34, 24, 58, 109, 167, 53, 65, 64, 78, 101, 128, 61, 190, 20, 158, 63, 102, 189, 146, 150, 129, 182, 59, 160, 122, 180, 125, 144, 91, 23, 148, 36, 82, 138, 3, 159, 52, 149, 14, 171, 107, 93, 55, 76, 117, 104]
155498
85: [45, 148, 52, 154, 195, 30, 33, 76, 90, 129, 41, 141, 166, 190, 137, 120, 28, 72, 94, 1, 134, 43, 59, 145, 82, 10, 5, 98, 92, 152, 161, 44, 191, 106, 124, 193, 95, 20, 114, 49, 199, 100, 65, 38, 15, 88, 102, 3, 108, 0, 118, 64, 4, 6, 40, 75, 126, 17, 153, 151, 109, 58, 121, 22, 103, 187, 67, 179, 36, 35, 83, 78, 180, 2, 146, 176, 116, 8, 13, 12, 39, 171, 150, 11, 104, 110, 128, 47, 48, 81, 63, 157, 26, 182, 188, 113, 136, 197, 158, 163]
187805
86: [144, 109, 136, 31, 42, 142, 33, 175, 124, 154, 35, 147, 44, 121, 24, 138, 70, 61, 194, 126, 197, 141, 101, 169, 57, 59, 43, 116, 50, 185, 198, 40, 86, 36, 151, 128, 183, 160, 131, 37, 174, 168, 89, 192, 34, 4, 84, 133, 159, 45, 18, 8, 166, 21, 156, 30, 55, 47, 32, 115, 19, 66, 94, 22, 16, 90, 118, 68, 163, 122, 54, 99, 63, 153, 188, 112, 130, 155, 129, 76, 97, 146, 52, 134, 85, 196, 73, 72, 27, 117, 11, 170, 49, 26, 46, 48, 110, 0, 39, 7]
176105
87: [128, 42, 114, 49, 139, 5, 142, 147, 137, 57, 75, 74, 150, 3, 176, 88, 4, 166, 104, 145, 112, 93, 167, 24, 10, 23, 136, 90, 31, 134, 15, 171, 13, 44, 40, 119, 132, 82, 56, 91, 199, 111, 174, 161, 170, 182, 25, 33, 138, 60, 169, 101, 172, 196, 37, 198, 188, 148, 58, 109, 180, 62, 39, 8, 69, 48, 29, 126, 46, 6, 84, 87, 30, 194, 183, 149, 50, 17, 79, 86, 197, 35, 127, 121, 97, 28, 110, 184, 100, 103, 68, 131, 43, 190, 186, 151, 181, 118, 85, 178]
165734
88: [133, 33, 143, 30, 145, 135, 130, 185, 68, 124, 1, 97, 144, 120, 89, 134, 160, 109, 29, 168, 178, 199, 139, 54, 191, 0, 148, 129, 67, 175, 4, 5, 96, 61, 63, 37, 31, 42, 86, 93, 142, 107, 11, 173, 73, 56, 45, 50, 14, 24, 58, 108, 22, 161, 23, 94, 34, 115, 53, 78, 190, 132, 72, 172, 103, 25, 84, 158, 123, 57, 184, 18, 91, 12, 114, 128, 152, 66, 182, 165, 48, 47, 65, 19, 60, 105, 81, 20, 64, 180, 127, 140, 69, 179, 150, 111, 155, 151, 36, 27]
161321
89: [178, 3, 16, 164, 83, 74, 34, 121, 151, 2, 134, 99, 124, 171, 158, 126, 38, 135, 138, 93, 89, 127, 173, 8, 153, 197, 17, 1, 140, 184, 183, 96, 70, 149, 117, 110, 26, 128, 50, 42, 188, 142, 139, 61, 36, 53, 10, 48, 179, 112, 119, 97, 130, 150, 101, 190, 172, 193, 106, 32, 132, 115, 157, 194, 156, 56, 39, 167, 25, 191, 45, 65, 185, 80, 84, 113, 123, 108, 46, 174, 92, 86, 6, 120, 182, 75, 189, 72, 91, 95, 54, 76, 104, 47, 159, 81, 52, 27, 49, 7]
166321
90: [26, 31, 104, 8, 107, 103, 47, 115, 51, 123, 139, 83, 108, 27, 34, 161, 121, 113, 163, 80, 195, 167, 130, 53, 150, 188, 63, 32, 59, 67, 129, 131, 119, 98, 35, 19, 151, 61, 17, 169, 192, 124, 28, 134, 148, 196, 93, 11, 66, 97, 111, 137, 37, 132, 147, 82, 39, 49, 65, 71, 122, 36, 190, 128, 40, 168, 6, 143, 105, 173, 154, 2, 89, 46, 48, 33, 72, 191, 156, 5, 193, 99, 42, 9, 189, 73, 110, 153, 90, 64, 29, 194, 135, 144, 174, 69, 179, 197, 127, 172]
184031
91: [98, 117, 179, 136, 141, 185, 28, 58, 108, 47, 50, 20, 173, 107, 48, 190, 5, 78, 32, 105, 192, 187, 13, 153, 163, 87, 103, 151, 144, 10, 113, 27, 16, 118, 102, 62, 1, 4, 189, 171, 74, 199, 84, 184, 63, 96, 119, 194, 3, 23, 61, 197, 106, 129, 183, 133, 49, 94, 65, 188, 56, 34, 59, 126, 30, 12, 193, 180, 166, 33, 52, 116, 154, 146, 66, 26, 112, 155, 121, 198, 186, 160, 177, 75, 175, 29, 42, 86, 40, 51, 99, 8, 138, 11, 46, 24, 178, 73, 92, 104]
165844
92: [74, 133, 83, 99, 8, 109, 126, 166, 93, 137, 69, 185, 59, 107, 176, 142, 15, 157, 154, 31, 56, 20, 39, 117, 62, 169, 40, 21, 116, 119, 25, 70, 152, 124, 98, 73, 129, 165, 173, 19, 68, 38, 9, 115, 28, 190, 141, 3, 45, 77, 177, 181, 103, 48, 146, 123, 178, 32, 49, 92, 14, 105, 36, 89, 194, 131, 34, 125, 183, 186, 100, 87, 27, 102, 127, 182, 54, 41, 78, 172, 110, 139, 37, 88, 13, 10, 179, 108, 1, 104, 134, 132, 2, 95, 11, 145, 192, 106, 84, 167]
174958
93: [119, 54, 149, 124, 167, 40, 191, 184, 163, 26, 192, 23, 18, 70, 113, 85, 71, 179, 68, 150, 116, 111, 105, 52, 95, 14, 198, 81, 74, 31, 160, 103, 38, 147, 66, 99, 73, 126, 134, 146, 1, 30, 168, 182, 171, 112, 69, 135, 11, 140, 159, 133, 44, 132, 15, 128, 106, 50, 122, 151, 47, 102, 183, 21, 120, 125, 93, 46, 143, 169, 137, 96, 194, 32, 175, 35, 121, 172, 156, 131, 43, 8, 25, 36, 193, 154, 10, 166, 77, 20, 127, 108, 196, 78, 152, 83, 61, 41, 28, 139]
180494
94: [86, 34, 130, 181, 131, 6, 190, 43, 83, 59, 143, 100, 193, 137, 73, 26, 149, 188, 194, 89, 108, 112, 128, 40, 115, 116, 107, 70, 156, 68, 120, 46, 22, 124, 20, 179, 38, 12, 96, 157, 7, 161, 125, 63, 113, 163, 119, 41, 158, 105, 98, 23, 135, 178, 71, 13, 1, 14, 88, 87, 167, 126, 21, 183, 122, 75, 172, 187, 103, 27, 102, 25, 175, 146, 106, 82, 155, 11, 2, 80, 165, 78, 174, 39, 61, 101, 53, 55, 45, 19, 60, 5, 139, 191, 148, 123, 141, 109, 36, 164]
154075
95: [194, 122, 28, 64, 115, 185, 184, 67, 198, 89, 97, 136, 110, 58, 41, 42, 131, 163, 36, 105, 121, 172, 86, 167, 27, 151, 173, 135, 142, 150, 81, 30, 132, 62, 128, 70, 82, 37, 69, 111, 170, 189, 13, 158, 22, 196, 23, 119, 90, 35, 46, 33, 133, 85, 95, 178, 161, 51, 7, 55, 60, 59, 71, 78, 134, 187, 73, 118, 56, 153, 24, 106, 168, 79, 195, 144, 102, 177, 197, 104, 113, 98, 145, 80, 83, 0, 43, 186, 114, 103, 124, 190, 176, 29, 146, 1, 38, 72, 147, 179]
163079
96: [170, 160, 54, 88, 6, 95, 7, 41, 72, 157, 158, 4, 15, 64, 22, 182, 132, 145, 52, 60, 45, 121, 81, 40, 80, 174, 143, 199, 175, 83, 134, 172, 92, 3, 135, 169, 189, 98, 19, 197, 13, 97, 137, 165, 119, 164, 181, 104, 184, 24, 177, 168, 56, 173, 47, 125, 46, 49, 138, 113, 76, 167, 44, 36, 21, 16, 146, 59, 139, 187, 195, 131, 94, 11, 5, 18, 133, 43, 8, 122, 186, 112, 115, 31, 68, 163, 34, 85, 17, 35, 185, 194, 63, 65, 148, 188, 118, 141, 152, 123]
161570
97: [196, 63, 125, 6, 179, 107, 149, 83, 189, 132, 26, 73, 76, 96, 81, 123, 120, 112, 23, 37, 58, 60, 103, 115, 101, 95, 1, 79, 35, 106, 62, 190, 68, 43, 157, 2, 181, 122, 113, 8, 188, 126, 156, 141, 143, 9, 57, 92, 67, 99, 185, 105, 118, 173, 165, 71, 53, 124, 51, 175, 172, 133, 44, 87, 20, 180, 170, 98, 197, 65, 110, 12, 176, 72, 70, 91, 85, 121, 134, 89, 151, 5, 22, 193, 145, 88, 41, 130, 198, 82, 18, 10, 148, 171, 17, 34, 102, 36, 7, 129]
172011
98: [137, 2, 119, 73, 179, 187, 171, 154, 99, 7, 77, 113, 102, 180, 49, 191, 51, 27, 120, 155, 123, 66, 136, 76, 167, 124, 147, 81, 189, 176, 24, 41, 46, 175, 25, 63, 69, 74, 23, 3, 132, 39, 169, 173, 158, 111, 80, 54, 53, 143, 172, 67, 91, 52, 68, 35, 166, 126, 83, 145, 149, 93, 163, 97, 79, 13, 106, 115, 62, 152, 88, 140, 64, 121, 65, 29, 196, 186, 50, 38, 174, 5, 33, 75, 110, 144, 90, 130, 87, 131, 178, 127, 19, 89, 34, 182, 84, 14, 199, 129]
172362
99: [137, 22, 2, 162, 131, 17, 127, 144, 159, 192, 44, 83, 60, 115, 41, 112, 146, 135, 87, 106, 30, 46, 197, 81, 32, 5, 82, 125, 16, 97, 71, 136, 0, 182, 196, 128, 19, 163, 151, 113, 116, 64, 103, 149, 25, 167, 52, 34, 94, 14, 187, 10, 1, 111, 31, 195, 63, 95, 75, 99, 148, 191, 7, 155, 73, 188, 68, 129, 61, 102, 37, 72, 154, 90, 150, 181, 189, 110, 121, 21, 107, 171, 51, 48, 36, 138, 119, 142, 126, 152, 77, 143, 69, 180, 74, 85, 185, 3, 79, 8]
173471
